1	1	1	11
10	13	13	61
100	1	1	7
1000	3	3	12
10000	9	9	44
10001	1	1	0
10002	2	2	5
10004	6	6	15
10005	1	1	1
10006	1	1	8
10009	1	1	6
10012	1	1	7
10014	2	2	9
10017	1	1	25
1002	1	1	0
10021	2	2	12
10024	6	6	68
10027	2	2	2
10028	10	10	143
10029	1	1	5
10030	1	1	7
10031	1	1	19
10037	1	1	6
10038	1	1	1
10040	1	1	6
10042	14	14	107
10043	7	7	93
10046	4	4	13
10047	1	1	12
10048	2	2	18
10050	31	31	488
10055	42	42	112
1006	4	4	27
10061	2	2	6
10062	1	1	2
10065	4	4	50
10067	9	9	38
10069	7	7	5
10072	1	1	14
10073	5	5	98
10076	1	1	14
10077	1	1	6
10078	3	3	7
10079	2	2	2
1008	2	2	8
10082	1	1	1
10085	6	6	69
10086	2	2	25
10087	6	6	77
10088	1	1	2
10095	1	1	19
10097	3	3	86
10105	5	5	60
10106	2	2	36
10107	14	14	66
10111	2	2	18
10113	1	1	14
10114	2	2	8
10116	3	3	21
1012	1	1	10
10122	1	1	0
10123	1	1	2
10127	2	2	2
10128	1	1	1
10131	1	1	0
10135	1	1	24
10136	2	2	6
10139	2	2	5
10146	2	2	27
10147	1	1	5
10148	1	1	17
1015	28	28	17
10152	1	1	9
10153	1	1	16
10155	1	1	2
10157	3	3	22
10158	1	1	22
1016	2	2	10
10162	2	2	9
10164	7	7	1
10170	1	1	21
10173	1	1	9
10174	1	1	1
10175	1	1	27
10176	2	2	8
10177	1	1	3
10180	1	1	10
10181	1	1	1
10182	5	5	20
10185	5	5	6
10190	2	2	2
10192	3	3	75
10193	1	1	0
10194	1	1	21
10199	1	1	0
1020	2	2	16
10200	1	1	5
10201	2	2	25
10206	5	5	46
10209	2	2	14
1021	7	7	56
10212	8	8	0
10213	1	1	0
10214	6	6	52
10215	1	1	0
10216	2	2	20
10218	5	5	3
10219	6	6	38
1022	1	1	20
10220	2	2	23
10222	2	2	18
10223	3	3	26
10225	2	2	15
10226	1	1	8
10233	2	2	6
10236	4	4	9
10238	1	1	24
1024	2	2	17
10244	3	3	27
10245	5	5	56
10246	4	4	101
10249	7	7	111
10252	2	2	14
10253	1	1	0
10255	4	4	41
10263	116	116	786
10271	1	1	13
10273	3	3	0
10274	3	3	44
10275	7	7	46
10279	2	2	34
1028	1	1	15
10282	1	1	23
10283	2	2	36
10284	2	2	12
10286	19	19	216
10289	2	2	7
10291	1	1	14
10292	1	1	4
10294	1	1	7
10295	1	1	0
10296	1	1	9
103	1	1	1
10301	5	5	36
10305	1	1	6
10308	114	114	420
10312	1	1	14
10319	1	1	4
10320	1	1	7
10322	1	1	4
10323	1392	1392	6898
10324	2	2	0
10326	5	5	44
10329	1	1	8
10330	2	2	23
10333	1	1	4
10335	1	1	1
10336	4	4	31
10340	1	1	2
10341	1	1	28
10344	2	2	10
10347	1	1	0
10348	1	1	6
10349	1	1	12
10354	3	3	34
10357	5	5	31
10362	1	1	26
10363	10	10	56
10364	22	22	133
10366	1	1	5
10368	3	3	22
10369	1	1	0
10370	1	1	24
10373	1	1	1
10376	2	2	14
10377	19	19	90
10378	1	1	9
10379	1	1	14
10383	1	1	15
10386	3	3	25
10389	3	3	5
10390	3	3	19
10394	4	4	14
10395	12	12	83
10397	1	1	1
10399	1	1	20
104	11	11	70
1040	4	4	18
10400	1	1	8
10401	1	1	2
10402	1	1	12
10403	2	2	7
10405	3	3	30
10406	1	1	26
10408	1	1	5
1041	1	1	25
10413	4	4	50
10417	1	1	1
10421	7	7	106
10422	2	2	25
10424	4	4	33
10430	4	4	48
10436	5	5	63
1044	3	3	43
10440	1	1	2
10444	4	4	12
10446	3	3	13
10449	1	1	0
10451	1	1	20
10454	1	1	1
10456	2	2	6
10458	1	1	17
1046	1	1	5
10462	1	1	1
10463	1	1	14
10466	1	1	12
10467	15	15	82
1047	1	1	2
10475	2	2	11
10476	2	2	23
10481	3	3	16
10482	1	1	9
10486	2	2	0
10491	6	6	30
10496	7	7	50
10501	6	6	49
10503	36	36	202
10504	2	2	4
10510	2	2	14
10512	3	3	80
10518	1	1	6
10520	1	1	1
10522	3	3	5
10523	1	1	6
10524	1	1	0
10527	2	2	3
10528	8	8	91
10531	4	4	15
10534	5	5	59
10535	2	2	31
10536	1	1	0
1054	4	4	20
10540	1	1	24
10543	1	1	11
10549	2	2	11
10550	1	1	9
10552	1	1	0
10555	1	1	13
10556	1	1	15
10559	1	1	10
10560	1	1	5
10561	5	5	84
10566	26	26	129
1057	1	1	7
10573	1	1	4
10578	3	3	27
10580	1	1	7
10582	2	2	15
10587	2	2	5
10588	1	1	2
10590	1	1	0
10593	2	2	20
10601	3	3	30
10604	1	1	0
10610	5	5	33
10611	1	1	21
10616	2	2	0
10622	1	1	10
10623	3	3	26
10626	1	1	0
10628	2	2	36
1063	1	1	13
10630	3	3	0
10634	1	1	7
10635	1	1	17
10637	17	17	130
10638	7	7	41
1064	2	2	0
10640	10	10	165
10641	2	2	17
10642	1	1	3
10648	1	1	7
10649	6	6	34
10651	36	36	134
10653	2	2	51
10655	2	2	19
10656	20	20	141
1066	1	1	0
10661	2	2	17
10664	1	1	4
10665	27	27	104
10667	1	1	12
10668	1	1	0
10678	1	1	0
1068	151	151	649
10680	9	9	133
10681	2	2	0
10682	3	3	31
10683	2	2	2
10686	1	1	5
1069	9	9	98
10691	4	4	49
10693	1	1	1
10695	2	2	16
10696	6	6	75
10697	4	4	15
10699	1	1	2
107	1	1	12
10701	4	4	52
10702	1	1	12
10706	1	1	19
10708	1	1	10
10714	1	1	10
10718	2	2	2
10719	2	2	32
10725	3	3	33
10727	2	2	0
10728	1	1	7
10729	6	6	73
10736	1	1	2
10743	1	1	0
10744	1	1	18
10745	1	1	12
1075	1	1	24
10753	1	1	5
10754	1	1	22
10758	2	2	8
10761	2	2	6
10762	1	1	6
10763	3	3	27
10764	3	3	19
10766	1	1	8
10767	6	6	67
10770	4	4	30
10773	2	2	16
10774	2	2	18
10777	4	4	16
10779	1	1	22
10780	1	1	4
10786	2	2	12
10788	2	2	32
10791	4	4	36
10794	3	3	18
10795	1	1	6
10796	2	2	24
10798	3	3	4
10799	1	1	2
10800	24	24	480
10803	1	1	12
10808	3	3	23
10810	1	1	5
10811	2	2	11
10813	1	1	0
10814	1	1	5
10815	6	6	59
10816	1	1	7
10820	2	2	4
10822	1	1	4
10823	2	2	23
10824	1	1	4
10827	3	3	11
1083	1	1	24
10833	1	1	3
10834	3	3	12
10838	2	2	0
10839	1	1	13
1084	1	1	0
10846	4	4	49
10847	6	6	124
10848	2	2	18
10850	2	2	7
10851	3	3	17
10853	3	3	15
10857	3	3	13
10858	30	30	217
10859	1	1	23
1086	1	1	6
10865	2	2	11
10869	2	2	31
1087	2	2	19
10872	24	24	121
10874	1	1	2
10875	4	4	25
10876	7	7	80
10885	4	4	28
10893	1	1	6
109	1	1	11
10905	3	3	38
10908	2	2	8
10909	1	1	17
1091	3	3	15
10910	22	22	143
10911	3	3	11
10914	1	1	13
10915	2	2	26
10918	2	2	36
10920	1	1	2
10923	15	15	62
10924	1	1	1
10926	1	1	28
10928	5	5	50
10929	104	104	795
1093	3	3	24
10933	1	1	14
10935	1	1	20
10937	2	2	34
10938	2	2	45
10940	14	14	77
10942	7	7	17
10943	1	1	5
10945	1	1	6
10946	4	4	15
10947	1	1	0
10949	19	19	73
10950	2	2	15
10951	6	6	17
10953	1	1	1
10956	52	52	253
10957	9	9	90
1096	7	7	143
10960	1	1	5
10962	1	1	8
10967	1	1	24
10969	2	2	8
1097	7	7	22
10975	7	7	109
10976	4	4	29
10978	1	1	7
10979	1	1	0
1098	6	6	89
10983	3	3	8
10984	1	1	0
10989	2	2	23
1099	1	1	0
10990	7	7	37
10992	1	1	3
10993	12	12	64
10996	3	3	19
10998	2	2	0
11002	13	13	194
11004	4	4	22
11006	1	1	3
11012	1	1	4
11013	11	11	141
11015	12	12	109
11019	1	1	6
1102	2	2	3
11022	1	1	6
11026	2	2	15
11027	1	1	8
11028	28	28	171
1103	1	1	26
11036	1	1	8
1104	1	1	6
11041	13	13	63
11042	34	34	171
11045	1	1	13
11050	8	8	147
11051	4	4	37
11052	1	1	13
11054	1	1	8
11057	17	17	103
11058	2	2	16
11059	22	22	733
1106	3	3	62
11063	58	58	805
11066	1	1	8
11067	1	1	2
11068	1	1	4
11070	5	5	58
11074	3	3	28
11075	2	2	13
11077	3	3	0
1108	2	2	8
11081	13	13	130
1109	1	1	6
11090	1	1	8
11091	6	6	38
11096	1	1	0
111	1063	1063	11944
1110	2	2	8
11100	1	1	2
11106	8	8	34
11107	1	1	2
1111	2	2	6
11111	3	3	21
11112	1	1	0
11116	4	4	47
11117	1	1	20
11120	1	1	4
11121	1	1	21
11128	1	1	14
11129	4	4	72
11131	6	6	37
11139	1	1	6
1114	24	24	277
11140	1	1	0
11142	1	1	2
11144	1	1	3
11149	4	4	60
11153	2	2	16
11154	1	1	37
11160	1	1	13
11161	6	6	47
11162	1	1	6
11163	6	6	217
11164	4	4	74
11166	6	6	32
11168	61	61	399
11170	2	2	7
11172	2	2	13
11173	24	24	335
11174	8	8	20
11175	1	1	3
11176	1	1	6
11178	6	6	118
1118	1	1	29
11182	2	2	11
11183	60	60	250
11188	2	2	30
11189	1	1	0
11197	121	121	749
11198	8	8	173
112	7	7	137
11201	1	1	21
11204	3	3	28
11205	1	1	14
11206	3	3	23
11207	3	3	28
11209	1	1	0
11210	5	5	70
11212	1	1	16
11213	1	1	18
11214	24	24	128
1122	171	171	909
11229	7	7	45
1123	2	2	5
11230	2	2	31
11233	1	1	0
11236	3	3	15
11238	3	3	23
11240	2	2	24
11242	5	5	50
11244	25	25	115
11245	1	1	2
11246	2	2	14
11248	1	1	1
11251	1	1	12
11252	1	1	9
11254	1	1	4
11258	1	1	7
11260	7	7	75
11263	2	2	6
11265	1	1	8
11267	2	2	7
11271	2	2	34
11273	9	9	96
11275	17	17	128
11276	2	2	7
11277	1	1	11
11278	1	1	0
11279	2	2	48
1128	6	6	71
11280	4	4	89
11281	1	1	6
11283	2	2	12
11284	1	1	15
11287	1	1	7
11288	5	5	43
1129	9	9	174
11292	2	2	17
11296	2	2	15
11297	1	1	20
11298	7	7	49
11300	3	3	22
11301	8	8	160
11303	1	1	23
11305	1	1	6
1131	2	2	20
11311	6	6	23
11312	2	2	0
11315	2	2	15
11316	6	6	11
11317	1	1	29
11318	1	1	10
1132	4	4	24
11320	1	1	7
11323	1	1	6
11325	8	8	75
11328	1	1	2
11330	1	1	7
11331	3	3	40
11332	1	1	8
11335	1	1	10
11337	1	1	0
11339	1	1	27
11341	5	5	10
11342	1	1	21
11344	11	11	64
11346	15	15	84
11349	2	2	24
11352	1	1	17
11353	3	3	38
11354	1	1	9
11356	12	12	47
11359	1	1	2
11361	3	3	23
11362	5	5	67
11363	4	4	47
11364	39	39	294
11366	2	2	11
11367	2	2	12
11368	5	5	24
11369	1	1	0
11370	1	1	4
11372	1	1	2
11376	5	5	47
11377	4	4	30
11378	2	2	7
11380	3	3	0
11383	1	1	13
11385	1	1	27
11386	1	1	3
11389	3	3	8
1139	1	1	3
11390	1	1	23
11391	4	4	42
11394	6	6	27
11396	3	3	27
11398	2	2	10
11399	3	3	34
11401	1	1	24
11402	2	2	38
11405	1	1	11
11406	3	3	6
11407	1	1	17
11408	2	2	11
11409	18	18	202
1141	23	23	436
11417	2	2	11
11419	2	2	20
1142	5	5	76
11423	1	1	1
11424	3	3	51
11426	3	3	45
11429	5	5	77
1143	4	4	15
11430	9	9	26
11437	1	1	12
11443	1	1	10
11445	2	2	19
1145	4	4	0
11453	11	11	54
11455	3	3	55
11457	2	2	0
11458	8	8	44
1146	1	1	23
11461	24	24	261
11463	1	1	4
11465	1	1	4
1147	1	1	13
11472	2	2	10
11474	3	3	14
11476	1	1	0
11479	1	1	5
11480	1	1	10
11488	2	2	9
11490	1	1	0
11493	3	3	21
11495	2	2	33
11496	2	2	22
11498	1	1	14
115	3	3	26
1150	2	2	6
11500	1	1	27
11501	50	50	172
11506	2	2	0
11507	1	1	0
11510	1	1	4
11511	2	2	12
11513	5	5	71
11516	1	1	14
1152	2	2	0
11520	1	1	1
11521	8	8	86
11522	1	1	7
11525	1	1	10
11526	1	1	1
11528	1	1	14
11529	1	1	7
11531	4	4	25
11532	4	4	31
11533	3	3	21
11534	2	2	14
11538	2	2	25
11539	1846	1846	15965
1154	1	1	2
11540	34	34	420
11544	1	1	2
11550	2	2	23
11558	14	14	90
11560	2	2	8
11561	3	3	23
11568	11	11	31
1157	5	5	20
11570	13	13	76
11571	21	21	5
11574	1	1	11
11576	1	1	13
11578	6	6	41
11582	1	1	20
11584	2	2	21
11588	3	3	0
11589	3	3	13
11594	9	9	80
11596	16	16	76
11598	1	1	12
1160	1	1	28
11600	6	6	53
11603	1	1	3
11604	1	1	19
11608	1	1	1
1161	7	7	84
11614	5	5	39
1162	2	2	11
11623	2	2	18
11624	1	1	22
11625	1	1	1
11628	4	4	6
11632	2	2	8
11637	180	180	208
11640	2	2	3
11644	1	1	7
11648	1	1	9
11650	8	8	76
11657	1	1	0
11658	1	1	0
11660	5	5	58
11662	1	1	5
11663	3	3	2
11665	1	1	2
11666	1	1	3
11667	1	1	16
11668	2	2	42
11669	3	3	4
11671	3	3	24
11673	7	7	45
11677	1	1	3
11678	7	7	57
1168	2	2	0
11683	8	8	27
11684	4	4	34
11685	42	42	499
11686	2	2	9
11688	2	2	24
11689	1	1	4
11691	1	1	11
11695	2	2	24
11698	7	7	22
11700	2	2	8
11702	5	5	19
11703	1	1	6
11704	1	1	17
11705	1	1	1
11710	1	1	2
11715	1	1	0
11717	1	1	21
11718	1	1	0
1172	2	2	41
11720	30	30	398
11721	1	1	1
11723	2	2	18
11724	1	1	10
11728	2	2	43
11729	4	4	34
11732	1	1	4
11734	1	1	19
11735	2	2	15
11736	1	1	1
11741	1	1	7
11742	30	30	134
11744	2	2	36
11748	11	11	57
11752	2	2	26
11753	36	36	161
11754	1	1	1
11755	2	2	9
11760	3	3	10
11762	1	1	9
11771	1	1	3
11773	1	1	2
11776	12	12	61
11777	1	1	15
11779	3	3	13
11780	2	2	30
11781	8	8	38
11782	3	3	29
11783	1	1	5
11785	1	1	1
11787	2	2	12
11788	2	2	12
1179	3	3	24
11790	1	1	4
11792	1	1	7
11793	6	6	35
11794	1	1	13
11796	8	8	19
11797	98	98	864
11803	1	1	6
11808	1	1	4
11809	1	1	3
11810	3	3	23
11813	2	2	4
11814	28	28	243
11817	1	1	0
11819	2	2	17
11821	3	3	30
11822	1	1	16
11824	103	103	555
11825	2	2	7
11827	4	4	51
1183	4	4	17
11831	9	9	45
11832	2	2	24
11835	1	1	15
11839	38	38	574
1184	5	5	13
11841	1	1	1
11848	35	35	321
11850	1	1	1
11856	1	1	7
11858	6	6	52
11859	1	1	0
11860	61	61	180
11864	2	2	17
11865	1	1	0
11868	4	4	55
11869	2	2	7
11870	5	5	15
11873	4	4	13
11877	1	1	18
11879	4	4	12
1188	1	1	7
11882	1	1	29
11884	1	1	12
11887	1	1	2
11890	1	1	5
11895	1	1	8
11897	1	1	10
11904	1	1	34
11905	3	3	23
11907	28	28	161
11909	11	11	0
11910	1	1	5
11912	24	24	147
11916	15	15	33
11917	1	1	3
11919	1	1	13
11920	6	6	60
11923	5	5	31
11925	1	1	1
11938	1	1	2
11939	4	4	0
11940	3	3	14
11941	1	1	6
11942	1	1	2
11946	2	2	17
11947	1	1	4
11948	1	1	24
1195	3	3	35
11950	3	3	35
11951	241	241	2984
11952	1	1	13
11954	2	2	4
11958	105	105	57
11959	15	15	59
11960	1	1	5
11963	1	1	13
11964	3	3	25
11965	2	2	44
11967	3	3	0
11968	1	1	5
1197	3	3	16
11974	3	3	16
11975	1	1	3
11976	2	2	0
11978	1	1	8
11981	1	1	40
11982	1	1	13
11983	12	12	53
11985	1	1	1
11994	1	1	5
11995	1	1	1
11997	4	4	15
1200	1	1	24
12001	1	1	5
12002	1	1	1
12007	4	4	21
1201	3	3	24
12017	1	1	9
12018	1	1	0
12019	2	2	34
12024	1	1	1
12029	3	3	20
12032	2	2	43
12034	1019	1019	8700
1204	1	1	11
12042	2	2	35
12045	4	4	0
12047	1	1	0
12049	14	14	74
12051	2	2	12
12052	2	2	5
12055	1	1	0
12060	1	1	25
12068	1	1	7
12071	8	8	120
12072	1	1	11
12074	1	1	17
12075	4	4	17
12078	3	3	60
1208	1	1	7
12080	10	10	43
12082	2	2	13
12087	1	1	0
12088	1	1	1
12090	1	1	3
12091	1	1	27
12094	1	1	27
12095	2	2	6
12096	5	5	57
12097	10	10	119
12098	6	6	83
1210	4	4	4
12104	1	1	8
12105	1	1	1
12106	1	1	12
12109	3	3	14
1211	1	1	22
12110	3	3	47
12112	1	1	0
12113	6	6	49
12114	3	3	10
12118	4	4	11
12123	12	12	68
12124	1	1	24
12125	1	1	7
12126	1	1	10
12127	3	3	17
12128	1	1	2
12129	5	5	33
12134	1	1	28
12135	9	9	72
12137	4	4	69
12138	1	1	16
12140	2	2	9
12141	2	2	20
12143	2	2	33
12145	16	16	199
12147	1	1	4
12152	6	6	40
1216	1	1	1
12160	2	2	33
12163	2	2	11
12167	1	1	9
1217	9	9	136
12171	1	1	15
12173	1	1	1
12174	1	1	0
12176	3	3	16
12180	1	1	4
12181	1	1	8
12182	3	3	17
12183	1	1	2
12188	1	1	8
1219	3	3	15
12191	3	3	69
12192	1	1	0
12196	2	2	36
122	1	1	27
12202	1	1	4
12204	1	1	15
12206	4	4	46
12212	2	2	6
12213	2	2	7
12214	1	1	7
12215	4	4	69
12217	60	60	203
1222	27	27	423
12230	1	1	20
12231	4	4	18
12235	1	1	5
12236	5	5	59
12240	3	3	27
12242	1	1	14
12247	1	1	0
12248	1	1	14
1225	10	10	47
12253	5	5	64
12254	1	1	17
12255	6	6	85
12256	5	5	34
12259	1	1	13
1226	19	19	71
12260	3	3	11
12266	1	1	8
1227	1	1	3
12273	1	1	0
12274	6	6	62
12279	1	1	1
1228	4	4	27
12283	1	1	6
12286	94	94	1272
12287	14	14	215
12288	1	1	25
12289	1	1	20
1229	6	6	74
12290	1	1	2
12293	3	3	58
12294	1	1	4
12297	4	4	6
12299	1	1	4
12303	4	4	19
12305	1	1	17
12306	1	1	10
12310	32	32	305
12312	1	1	1
12314	1	1	8
12315	6	6	22
12316	2	2	28
12317	4	4	17
12318	4	4	17
12319	5	5	19
12322	1	1	6
12327	4	4	33
12328	2	2	3
12329	2	2	43
12330	1	1	3
12331	122	122	653
12332	5	5	16
12333	1	1	11
12339	1	1	10
12341	4	4	55
12343	1	1	3
12344	1	1	23
12346	1	1	4
12347	1	1	6
12349	43	43	631
1235	1	1	11
12352	2	2	8
12356	1	1	2
12357	1	1	6
12359	2	2	2
12362	5	5	47
12363	1	1	7
12365	11	11	65
12366	1	1	7
12367	99	99	530
12369	2	2	0
1237	4	4	34
12370	1	1	6
12372	2	2	25
12373	9	9	3
12374	28	28	368
12375	25	25	375
12379	1	1	20
1238	1	1	20
12386	2	2	5
12389	1	1	28
12399	1	1	7
124	2	2	0
1240	2	2	23
12403	1	1	12
12404	1	1	8
12407	1	1	5
12414	2	2	19
12418	52	52	438
1242	4	4	45
12420	78	78	724
12423	1	1	2
12429	24	24	4
12432	3	3	62
12436	1	1	2
12437	10	10	41
12439	3	3	56
12443	5	5	42
12445	3	3	0
12449	2	2	13
1245	1	1	3
12451	4	4	76
12453	1	1	4
12454	7	7	75
12458	2	2	12
12460	1	1	23
12461	2	2	34
12462	150	150	1179
12474	70	70	455
12478	2	2	10
12480	6	6	38
12483	8	8	31
12486	1	1	25
12488	8	8	24
12489	1	1	11
12491	11	11	0
12492	1	1	4
12493	4	4	57
12498	1	1	4
12499	1	1	7
12500	1	1	1
12502	1	1	22
12507	2	2	18
1251	2	2	8
12511	1	1	7
12513	1	1	14
12515	1	1	20
12517	1	1	1
12519	1	1	0
12521	1	1	4
12523	1	1	23
12526	2	2	15
12527	25	25	120
12538	2	2	33
1254	4	4	58
12540	3	3	15
12546	3	3	14
12547	1	1	8
12550	57	57	307
12551	2	2	33
12554	8	8	34
12556	5	5	40
12557	2	2	2
12560	2	2	0
12562	1	1	3
12566	1	1	21
12575	4	4	19
12576	1	1	21
12577	2	2	16
12579	5	5	35
12583	1	1	18
12584	1	1	1
12585	13	13	122
12586	1	1	23
12587	1	1	2
12589	2	2	23
12591	20	20	142
12593	1	1	17
12594	2	2	15
12596	4	4	25
12597	42	42	383
12598	1	1	3
12604	1	1	25
12608	1	1	24
12609	1	1	8
1261	2	2	21
12613	1	1	7
12614	1	1	1
12615	1	1	0
12616	11	11	51
1262	1	1	1
12622	1	1	4
12625	10	10	93
1263	2	2	1
12632	1	1	1
12635	1	1	9
12637	2	2	14
12639	1	1	26
1264	2	2	17
12644	2	2	25
12647	2	2	29
1265	4	4	9
12650	1	1	8
12654	1	1	8
12657	1	1	13
12658	1	1	7
1266	1	1	0
12663	2	2	9
12666	3	3	15
12668	2	2	30
12670	1	1	34
12679	67	67	50
1268	1	1	4
12680	2	2	23
12683	62	62	829
12684	2	2	30
12688	2	2	10
1269	1	1	9
12691	1	1	3
12694	3	3	18
12699	1	1	22
1270	1	1	10
12702	10	10	32
12703	2	2	17
12705	6	6	16
12707	1	1	7
12717	4	4	28
12725	28	28	110
12726	16	16	315
12728	3	3	20
12729	3	3	19
12736	1	1	17
12738	1	1	5
12741	213	213	1006
12744	2	2	16
12747	2	2	10
12750	1	1	2
12751	3	3	7
12753	23	23	252
12758	1	1	16
12762	1	1	0
12764	2	2	34
12766	1	1	2
12767	1	1	11
12769	1	1	19
1277	1	1	8
12774	1	1	1
12779	11	11	15
1278	1	1	0
12780	16	16	192
12785	9	9	43
12787	5	5	41
12789	1	1	13
12790	2	2	0
12796	1	1	9
12798	2	2	15
12799	1	1	11
12802	3	3	50
12803	2	2	16
12804	1	1	10
12806	2	2	3
12807	30	30	100
12808	1	1	4
12809	4	4	23
1281	1	1	7
12813	1	1	4
12815	3	3	115
12818	1	1	22
12819	1	1	15
12820	4	4	27
12821	75	75	1073
12823	1	1	11
12824	2	2	16
12825	3	3	13
12830	2	2	2
12833	4	4	107
1284	1	1	29
12840	1	1	0
12841	1	1	18
12845	10	10	74
12847	1	1	7
12851	2	2	7
12852	27	27	188
12854	3	3	6
12855	61	61	328
12856	4	4	0
12857	3	3	12
12858	2	2	19
12859	7	7	98
12863	3	3	14
12866	1	1	13
12872	1	1	28
12874	2	2	10
12875	1	1	0
12877	1	1	1
12878	1	1	5
12879	1	1	6
12880	7	7	55
12888	13	13	49
12889	1	1	23
1289	8	8	84
12891	1	1	6
12892	1	1	16
12893	30	30	143
12894	1	1	9
12895	3	3	68
12897	2	2	10
12901	1	1	8
12904	3	3	27
12907	15	15	26
12909	1	1	6
1291	1	1	11
12913	4	4	46
12916	43	43	1049
1292	2	2	33
12922	1	1	0
12926	1	1	14
12927	2	2	25
1293	3	3	55
12936	2	2	5
1295	1	1	3
12950	1	1	25
12951	1	1	6
12952	1	1	7
12955	2	2	10
12961	13	13	140
12962	2	2	0
12965	2	2	9
12966	2	2	53
12967	2	2	5
12968	1	1	3
12969	3	3	30
12970	1	1	0
12974	4	4	11
12977	1	1	14
12980	2	2	9
12981	2	2	16
12984	38	38	498
12992	28	28	319
12993	32	32	409
12995	2	2	12
12997	6	6	26
13000	1	1	12
13001	1	1	6
13002	1	1	2
13004	1	1	0
13005	2	2	27
13006	1	1	9
13007	3	3	17
13008	21	21	257
13009	1	1	7
13013	1	1	22
13014	1	1	0
13015	10	10	99
1302	2	2	26
13020	8	8	130
13021	1	1	3
13023	3	3	38
13027	1	1	0
13029	2	2	0
13033	1	1	1
13039	1	1	2
1304	1	1	26
13042	5	5	33
13044	2	2	0
13045	1	1	1
13047	4	4	23
13048	2	2	7
13049	3	3	16
13051	1	1	0
13054	11	11	128
13056	26	26	334
13058	1	1	29
13062	2	2	14
13063	2	2	5
13066	2	2	37
13069	1	1	7
1307	1	1	5
13072	11	11	209
13073	1	1	8
13077	2	2	23
1308	1	1	1
13086	2	2	16
13090	1	1	12
13091	1	1	5
13092	6	6	3
13094	4	4	36
13096	1	1	4
13097	1	1	7
131	4	4	34
1310	1	1	5
13100	3	3	0
13101	1	1	11
13108	1	1	4
1311	26	26	346
13111	1	1	23
13112	1	1	7
13113	3	3	0
13114	2	2	27
13117	1	1	3
13118	2	2	30
13119	1	1	15
13122	1	1	0
13124	1	1	5
13127	5	5	41
13128	1	1	11
13135	6	6	114
13136	1	1	2
13139	1	1	7
1314	3	3	13
13145	1	1	2
13147	2	2	26
13148	1	1	6
13149	2	2	2
1315	4	4	44
13157	1	1	1
13158	4	4	16
13159	1	1	25
1316	1	1	4
13161	3	3	10
13162	3	3	25
13163	18	18	74
13165	44	44	771
13167	1	1	1
13169	1	1	12
13171	1	1	0
13179	2	2	9
13180	1	1	12
13184	4	4	9
13185	1	1	0
13188	4	4	22
1319	1	1	1
13195	2	2	6
13196	1	1	8
13197	1	1	3
13198	2	2	31
13201	2	2	40
13202	2	2	8
13203	1	1	5
13206	3	3	35
13213	1	1	3
13218	4	4	24
13219	1	1	0
1322	1	1	5
13220	1	1	3
13221	3	3	54
13232	2	2	18
13233	5	5	93
13235	1	1	0
13237	2	2	23
13240	3	3	30
13241	19	19	103
13242	8	8	64
13245	2	2	7
13250	2	2	19
13251	1	1	6
13253	18	18	178
13257	1	1	8
13259	1	1	3
13261	5	5	38
13265	1	1	5
13266	3	3	41
13270	2	2	21
13273	1	1	3
13275	3	3	12
13285	18	18	111
13286	4	4	23
13289	1	1	2
1329	3	3	60
13290	2	2	33
13291	4	4	22
13292	1	1	0
13294	1	1	45
13295	31	31	131
13299	1	1	1
133	2	2	20
13304	8	8	47
13306	1	1	14
13310	1	1	26
13312	2	2	3
13317	1	1	18
13324	5	5	91
13326	1	1	8
13328	1	1	11
13333	4	4	48
13334	1	1	1
13338	6	6	36
1334	1	1	21
13342	2	2	13
1335	1	1	9
13353	1	1	1
13362	2	2	6
13363	4	4	29
13366	22	22	58
13368	5	5	73
13369	1	1	7
13371	4	4	15
13373	1	1	26
13374	13	13	110
13376	77	77	380
13379	1	1	2
1338	1	1	7
13381	1	1	5
13386	3	3	10
13389	3	3	14
1339	1	1	29
13390	1	1	13
13395	1	1	6
13396	13	13	63
13397	6	6	96
13398	86	86	58
1340	1	1	0
13402	3	3	13
13405	29	29	396
13408	3	3	16
13411	1	1	0
13412	5	5	55
13413	8	8	79
13414	4	4	40
13415	1	1	0
13418	1	1	8
13419	7	7	82
1342	22	22	47
13421	2	2	0
13422	2	2	0
13423	170	170	1326
13425	1	1	1
13436	2	2	38
13438	2	2	0
13439	4	4	27
1344	4	4	3
13441	19	19	14
13443	9	9	136
13445	2	2	0
13446	2	2	8
1345	2	2	21
13450	51	51	26
13452	2	2	14
13453	1	1	2
13454	1	1	9
13457	2	2	25
13458	1	1	22
1346	1	1	17
13460	3	3	24
13461	2	2	16
13463	3	3	33
13467	2	2	45
13469	8	8	26
13471	5	5	77
13473	4	4	84
13476	1	1	0
13477	2	2	13
13479	1	1	15
13482	1	1	0
13486	1	1	4
13489	2	2	19
13490	44	44	447
13491	2	2	2
13492	1	1	15
13494	1	1	6
13495	2	2	27
13500	1	1	3
13501	1	1	28
13505	1	1	1
13510	44	44	241
13511	6	6	34
13516	2	2	3
13517	1	1	8
13518	3	3	20
13519	1	1	2
13521	1	1	4
13522	2	2	30
13526	4	4	11
13527	6	6	29
13529	7	7	89
13531	1	1	0
13533	10	10	42
13539	1	1	8
13542	1	1	3
13543	13	13	207
13544	1	1	21
13551	2	2	23
13558	3	3	15
13559	2	2	19
13560	5	5	89
13563	21	21	68
13564	1	1	3
13565	6	6	115
13568	1	1	22
1357	1	1	2
13571	2	2	44
13573	1	1	12
13574	3	3	7
13576	1	1	6
13578	1	1	6
1358	13	13	78
13580	1	1	24
13584	2	2	14
13585	2	2	0
13588	1	1	27
13593	1	1	21
13598	1	1	3
13601	1	1	28
13603	1	1	11
13606	15	15	65
13607	1	1	2
13613	5	5	17
13616	39	39	463
13618	1	1	4
13619	1	1	5
1362	3	3	10
13620	1	1	6
13623	1	1	8
13625	1	1	7
13628	4	4	45
13629	1	1	25
13633	1	1	21
13637	2	2	21
13638	1	1	17
1364	2	2	0
13644	8	8	32
13645	1	1	7
13650	1	1	10
13652	2	2	28
13654	1	1	15
13657	1	1	21
13658	3	3	24
13661	1	1	18
13663	12	12	65
13665	12	12	58
13667	1	1	1
13677	1	1	0
13680	2	2	42
13683	11	11	66
13684	10	10	101
13685	1	1	28
13686	1	1	0
13689	3	3	11
13691	1	1	2
13692	3	3	20
13693	2	2	18
13694	1	1	1
13695	3	3	21
13704	65	65	537
13706	1	1	2
13712	1	1	7
13713	1	1	0
13715	61	61	352
13718	1	1	8
1372	1	1	24
13720	1	1	5
13722	2	2	10
13725	2	2	8
13727	1	1	14
13728	14	14	67
13734	1	1	25
13739	10	10	49
13747	1	1	21
1375	4	4	47
13750	1	1	0
13753	1	1	10
13754	5	5	24
13758	18	18	88
1376	9	9	26
13761	8	8	29
13763	1	1	12
13767	1	1	5
13768	1	1	6
13770	1	1	19
13771	2	2	23
13773	1	1	2
13775	3	3	0
13776	3	3	0
13779	5	5	49
13782	16	16	136
13786	1	1	5
13787	2	2	0
13793	7	7	67
13794	4	4	68
138	1	1	19
1380	1	1	4
13800	3	3	14
13801	1	1	57
13802	4	4	11
13806	19	19	12
13808	1	1	14
13810	2	2	25
13811	3	3	0
13816	12	12	23
13817	2	2	15
13818	9	9	79
1382	2	2	3
13820	1	1	0
13822	2	2	2
13823	1	1	29
13825	5	5	48
13827	1	1	5
13830	15	15	0
13832	1	1	7
13835	5	5	11
13837	1	1	15
1384	3	3	28
13845	2	2	2
13847	1	1	1
13850	1	1	3
13853	2	2	8
13857	12	12	131
13858	7	7	30
1386	31	31	293
13860	1	1	13
13864	1	1	11
13865	1	1	28
13872	2	2	13
13873	1	1	0
13876	4	4	9
13877	1	1	9
13878	7	7	73
13880	10	10	36
13883	2	2	5
13884	4	4	33
13886	2	2	26
13892	1	1	1
13894	5	5	62
13897	2	2	13
13898	1	1	11
13900	3	3	41
13903	8	8	173
13904	1	1	3
13905	11	11	62
13906	5	5	89
13908	6	6	39
13909	2	2	11
13915	3	3	0
13916	13	13	184
13918	2	2	32
1392	6	6	34
13922	19	19	82
13924	3	3	33
13928	2	2	16
13929	50	50	155
13930	1	1	13
13941	2	2	26
13958	19	19	111
13959	2	2	5
1396	1	1	6
13961	1	1	10
13967	1	1	5
13969	3	3	16
13971	1	1	8
13972	1	1	25
13974	2	2	7
13978	1	1	13
1398	1	1	0
13981	1	1	7
13992	2	2	30
13994	1	1	6
13995	3	3	5
13996	1	1	20
1400	3	3	8
14000	3	3	32
14004	1	1	5
14006	2	2	19
14008	5	5	106
14009	5	5	40
1401	4	4	43
14017	15	15	159
14018	4	4	16
14019	2	2	15
14028	4	4	0
14031	41	41	365
14033	34	34	82
14038	2	2	7
14039	3	3	29
1404	2	2	26
14042	1	1	0
14043	1	1	0
1409	2	2	12
1412	9	9	46
1414	8	8	25
1417	2	2	0
142	2	2	15
1422	1	1	1
1424	1	1	28
1429	1	1	2
1432	4	4	24
1433	3	3	53
1435	4	4	39
1437	1	1	15
144	3	3	54
1441	2	2	19
1442	1	1	5
1447	8	8	65
145	2	2	12
1451	14	14	80
1452	1	1	11
1456	1	1	2
1460	7	7	111
1461	12	12	63
1462	1	1	13
1463	4	4	26
1464	2	2	6
1465	1	1	7
1466	5	5	6
1468	56	56	298
1469	1	1	22
1471	3	3	23
1472	5	5	39
1476	7	7	25
148	2	2	3
1480	20	20	272
1482	1	1	11
1483	2	2	47
1485	1	1	2
1489	2	2	5
1493	12	12	52
1494	2	2	24
1495	7	7	121
1498	2	2	18
15	1	1	0
150	3	3	19
1501	1	1	11
1503	1	1	24
1505	9	9	64
1508	1	1	0
1511	1	1	16
1512	2	2	35
1519	1	1	25
1520	1	1	0
1523	1	1	21
153	2	2	7
1531	286	286	1481
1532	283	283	3830
1533	10	10	144
1539	7	7	70
1541	1	1	14
1544	1	1	7
1548	1	1	11
1553	7	7	125
1556	3	3	4
1558	1	1	9
1559	2	2	7
1560	99	99	535
1561	10	10	67
1563	312	312	1569
1564	1	1	6
1565	1	1	7
1567	2	2	9
157	1	1	4
1571	1	1	2
1576	1	1	0
1579	313	313	1517
1592	1	1	0
1593	11	11	72
1596	1	1	13
1599	1	1	21
160	5	5	19
1600	1	1	6
1603	1	1	2
1609	4	4	24
161	2	2	30
1610	2	2	41
1611	1	1	14
1613	112	112	993
1614	1	1	1
1615	1	1	7
1616	20	20	153
1617	1	1	12
162	8	8	69
1620	5	5	43
1624	1	1	4
1625	1	1	0
1627	5	5	23
1629	1	1	6
163	1	1	2
1630	2	2	14
1633	8	8	27
1635	7	7	7
1636	1	1	6
1637	1	1	0
164	4	4	47
1643	1	1	25
1645	10	10	33
1646	1	1	1
1647	3	3	31
165	120	120	495
1656	1	1	3
1657	3	3	42
1659	3	3	20
166	1	1	25
1663	3	3	60
1667	2	2	20
1668	2	2	27
1669	1	1	14
1670	1	1	3
1677	4	4	36
1680	7	7	26
1683	7	7	34
1684	1	1	7
1687	5	5	0
1688	1	1	29
1689	2	2	0
1693	1	1	28
1694	2	2	12
1695	7	7	108
1699	1	1	2
17	100	100	1479
1700	6	6	27
1701	3	3	39
1702	1	1	9
1703	3	3	14
1704	1	1	16
1706	1	1	0
1707	1	1	15
1708	28	28	145
1712	2	2	8
1713	1	1	3
1714	1	1	0
1720	3	3	50
1722	1	1	2
1723	2	2	10
1725	3	3	15
1727	2	2	0
1729	13	13	78
1732	1	1	6
1735	3	3	11
1738	3	3	7
1739	1	1	3
174	2	2	5
1750	2	2	29
1751	2	2	9
1752	2	2	19
1755	1	1	28
1757	2	2	11
176	1	1	2
1760	3	3	26
1761	1	1	1
1763	4	4	68
1764	1	1	7
1765	3	3	1
1767	13	13	105
1769	3	3	45
1771	4	4	32
1772	5	5	26
1773	1	1	4
1774	1	1	14
1777	1	1	0
1779	2	2	19
1785	1	1	11
1786	2	2	11
1787	3	3	30
1789	13	13	147
179	7	7	44
1791	3	3	29
1793	1	1	3
1794	1	1	6
1797	1	1	16
1799	15	15	69
1802	1	1	0
1806	1	1	8
1807	109	109	1260
1808	27	27	563
181	1	1	26
1810	1	1	2
1811	7	7	34
1815	1	1	0
1816	1	1	0
1817	3	3	10
182	1	1	19
1823	1	1	5
1827	3	3	21
1828	1	1	0
1829	1	1	0
1835	1	1	17
1839	1	1	19
184	11	11	28
1840	2	2	43
1841	1	1	0
1843	2	2	15
1845	6	6	90
1846	9	9	87
185	1	1	11
1850	4	4	63
1851	1	1	8
1854	1	1	4
1855	2	2	47
1861	2	2	6
1864	1	1	21
1865	1	1	14
187	1	1	10
1870	2	2	3
1871	1	1	14
1873	1	1	0
188	2	2	24
1882	2	2	18
1883	4	4	68
1886	1	1	0
1889	1	1	8
1892	1	1	6
1893	2	2	12
1895	23	23	4
1899	1	1	4
190	66	66	443
1901	3	3	1
1903	4	4	36
1908	1	1	11
1911	1	1	3
1915	1	1	13
1916	2	2	10
1918	2	2	46
1920	1	1	18
1923	2	2	12
1924	1	1	3
1926	1	1	2
1931	1	1	6
1932	2	2	1
1933	2	2	22
1935	1	1	0
1944	2	2	13
1949	3	3	18
1951	2	2	1
1952	1	1	1
1953	5	5	60
1954	1	1	6
1960	1	1	7
1962	1	1	21
1964	1	1	11
1967	2	2	8
1968	2	2	26
1971	2	2	15
1973	1	1	4
1975	4	4	50
1976	2	2	20
1979	13	13	61
1980	1	1	7
1981	1	1	7
1983	1	1	9
1985	3	3	55
1987	2	2	11
1989	1	1	6
1990	1	1	22
1991	4	4	19
1994	4	4	55
1997	1	1	12
1999	2	2	17
2000	1	1	12
2002	36	36	449
2007	5	5	24
201	3	3	53
2010	9	9	49
2011	1	1	2
2019	20	20	116
2021	4	4	6
2023	2	2	10
2024	2	2	18
2026	1	1	12
2031	1	1	14
2035	1	1	1
2039	1	1	12
2044	2	2	9
2047	1	1	3
2050	2	2	0
2051	2	2	40
2054	5	5	31
2055	2	2	40
2057	1	1	2
2058	3	3	25
2059	1	1	26
2060	2	2	20
2062	4	4	59
2063	1	1	17
2064	12	12	101
2065	3	3	26
2067	3	3	3
2068	3	3	43
2069	27	27	113
2073	7	7	52
2075	1	1	4
2079	407	407	2210
208	1	1	18
2080	1	1	6
2081	3	3	34
2083	1	1	0
2088	3	3	15
209	1	1	6
2092	1	1	6
2094	2	2	0
2098	3	3	51
21	3	3	18
210	5	5	37
2101	2	2	20
2102	1	1	0
2107	10	10	51
2108	1	1	2
2109	9	9	117
211	18	18	211
2110	3	3	19
2111	44	44	19
2112	1	1	9
2114	1	1	6
2116	1	1	5
2128	2	2	10
2129	2	2	12
2132	3	3	23
2133	6	6	3
2134	2	2	15
2136	2	2	34
214	2	2	51
2140	3	3	16
2143	2	2	9
2144	1	1	5
2154	55	55	286
2155	2	2	29
216	3	3	34
2162	2	2	15
2164	22	22	144
2165	2	2	10
2167	1	1	13
2174	1	1	1
2175	7	7	67
2176	1	1	11
2181	3	3	47
2183	3	3	20
2184	1	1	4
2185	2	2	0
2186	2	2	15
2187	5	5	31
2188	8	8	35
2189	3	3	10
2190	3	3	40
2194	2	2	23
2196	1	1	1
2197	19	19	170
2201	2	2	36
2203	1	1	54
2204	1	1	1
2205	1	1	14
2208	1	1	1
2210	3	3	32
2214	1	1	1
2221	1	1	26
2223	1	1	4
2227	3	3	56
2234	2	2	16
2235	10	10	44
2238	1	1	17
224	1	1	20
2241	2	2	9
2249	1	1	0
225	1	1	11
2254	5	5	102
2269	2	2	11
2270	1	1	8
2271	8	8	64
2273	3	3	46
2274	16	16	117
2276	11	11	67
2277	1	1	13
2279	1	1	7
2282	1	1	23
2283	2	2	14
2284	2	2	58
229	24	24	68
2296	25	25	285
2299	2	2	22
2312	19	19	47
2314	1	1	22
2315	1	1	20
2316	3	3	36
2317	3	3	8
2318	1	1	15
2321	1	1	1
2322	1	1	6
2324	5	5	88
2325	4	4	83
2326	2	2	5
2328	1	1	7
2329	2	2	27
2332	1	1	29
234	6	6	50
2344	1	1	0
2345	5	5	58
2346	7	7	35
2348	11	11	169
2349	6	6	22
235	1	1	0
2352	3	3	49
2353	1	1	1
2356	9	9	52
2359	1	1	1
2361	1	1	3
2362	1	1	2
2363	2	2	42
2365	1	1	12
2366	325	325	4107
2368	10	10	47
2370	1	1	8
2371	29	29	48
2372	9	9	57
2374	3	3	8
2378	3	3	35
2380	1	1	1
2382	23	23	300
2384	4	4	13
2388	2	2	2
239	1	1	0
2390	1	1	10
2392	2	2	5
2393	3	3	26
2394	1	1	7
2396	2	2	23
2400	1	1	2
2402	1	1	0
2406	2	2	1
2408	3	3	21
2410	1	1	9
2411	1	1	24
2412	2	2	39
2413	2	2	9
2415	1	1	8
2418	848	848	7785
2422	2	2	39
2424	1	1	0
2427	6	6	57
2428	2	2	18
2429	1	1	6
243	3	3	41
2431	2	2	5
2436	1	1	6
2439	12	12	48
244	10	10	260
2443	2	2	9
2448	6	6	29
2449	10	10	12
2453	1	1	5
2457	2	2	14
2458	23	23	206
246	1	1	0
2460	1	1	13
2461	1	1	1
2465	2	2	12
2468	2	2	3
247	1	1	16
2470	1	1	13
2472	41	41	222
2474	3	3	37
2476	3	3	78
2477	10	10	67
2480	2	2	47
2482	3	3	25
2483	1	1	3
2486	1	1	6
2488	1	1	17
2494	1	1	20
2495	2	2	9
2496	1	1	9
25	1	1	11
2501	1	1	20
2502	1	1	1
2504	2	2	12
2505	5	5	37
2507	3	3	20
2514	2	2	41
2516	47	47	332
2518	1	1	0
2519	3	3	0
252	1	1	6
2522	3	3	24
2523	5	5	48
2525	2	2	16
2527	2	2	8
2529	4	4	74
2537	1	1	13
2538	2	2	12
2545	3	3	40
255	1	1	1
2553	3	3	18
256	1	1	7
2563	1	1	3
2566	2	2	0
2567	1	1	0
2568	2	2	8
257	1	1	1
2571	8	8	44
2579	3	3	48
2580	1	1	18
2582	1	1	6
2585	1	1	5
2588	2	2	27
2590	1	1	23
2592	2	2	22
2595	5	5	99
2596	16	16	70
2597	4	4	63
2599	1	1	15
26	1	1	27
2601	22	22	250
2608	2	2	14
261	1	1	6
2612	1	1	9
262	1	1	5
2620	1	1	8
2626	1	1	8
2630	1	1	3
2635	4	4	86
264	1	1	9
2640	1	1	6
2643	2	2	15
2647	44	44	219
2649	1	1	13
2650	1	1	9
2652	4	4	24
2654	1	1	10
2655	1	1	1
2661	3	3	23
2663	24	24	12
2665	1	1	2
2666	11	11	34
2667	1	1	10
2668	3	3	46
2669	1	1	2
267	1	1	11
2676	2	2	0
2679	4	4	24
2686	3	3	23
2688	20	20	174
269	10	10	26
2690	1	1	2
2692	1	1	19
2697	3	3	24
2698	3	3	38
2699	2	2	42
270	1	1	1
2702	1	1	5
2704	2	2	21
2705	207	207	2242
2707	1	1	9
2708	1	1	20
2711	4	4	29
2712	3	3	30
2716	3	3	25
2724	12	12	66
2728	20	20	80
2731	1	1	11
2732	1	1	4
2740	2	2	11
2743	2	2	49
2744	1	1	0
2745	3	3	52
2748	5	5	49
2755	1	1	12
2757	4	4	0
2761	1	1	1
2768	5	5	41
2769	1	1	0
2770	7	7	78
2771	2	2	28
2773	2	2	4
2774	2	2	3
2776	1	1	13
2777	1	1	0
2785	1	1	15
2787	8	8	46
2789	1	1	1
279	2	2	35
2793	2	2	2
2794	1	1	26
2796	1	1	5
2798	3	3	28
2800	2	2	21
2802	5	5	21
2805	2	2	0
2806	1	1	6
2807	1	1	2
2809	2	2	15
2810	4	4	31
2815	1	1	0
2819	3	3	69
282	12	12	87
2821	2	2	37
2827	1	1	6
283	1	1	13
2831	2	2	25
2837	1	1	0
2840	34	34	437
2842	3	3	12
2848	7	7	34
2851	27	27	143
2852	8	8	23
2855	1	1	8
2857	3	3	14
2858	3	3	10
286	2	2	19
2860	3	3	53
2865	2	2	11
2867	1	1	0
2869	9	9	124
2875	11	11	74
2878	6	6	27
2880	1	1	12
2881	1	1	3
2882	5	5	18
2884	2	2	57
2885	1	1	5
2888	6	6	103
2889	3	3	44
2891	4	4	54
2896	7	7	181
2897	1	1	29
2898	3	3	77
2902	32	32	1
2907	4	4	21
2908	1	1	11
2909	1	1	22
2916	5	5	46
2918	2	2	46
2919	2	2	30
2921	1	1	0
2923	5	5	70
2924	2	2	14
2926	2	2	26
2927	7	7	47
293	3	3	0
2932	3	3	42
2933	2	2	64
2939	2	2	16
2940	2	2	22
2949	3	3	0
2954	2	2	11
2960	10	10	29
2962	2	2	0
2965	1	1	18
2967	1	1	3
2969	1	1	16
2970	1	1	2
2971	1	1	8
2972	2	2	13
2976	3	3	8
2977	5	5	60
2981	1	1	2
2984	1	1	1
2985	1	1	9
2987	1	1	1
2989	2	2	0
3	2	2	55
3001	11	11	67
3002	10	10	105
3003	1	1	7
3004	1	1	23
3006	2	2	10
301	9	9	118
3015	2	2	17
3023	1	1	29
3024	4	4	38
3027	1	1	7
303	1	1	7
3032	1	1	0
3033	1	1	4
3034	2	2	8
3036	3	3	0
3037	1	1	4
3038	52	52	285
3040	4	4	71
3041	1	1	1
3042	1	1	14
3045	2	2	10
3048	1	1	4
3049	1	1	5
305	1	1	4
3052	1	1	4
3055	2	2	34
3056	1	1	0
3058	1	1	5
306	5	5	58
3060	22	22	188
3063	1	1	0
3065	1	1	6
3066	2	2	36
3067	9	9	40
307	4	4	22
3070	8	8	0
3071	1	1	18
3072	5	5	55
3077	1	1	1
3079	1	1	14
3081	1	1	11
3085	1	1	7
3088	1	1	2
3090	2	2	41
3092	4	4	28
3096	3	3	18
3098	5	5	27
3101	4	4	6
3103	2	2	21
3104	3	3	16
3105	2	2	19
3109	2	2	30
3111	3	3	9
3118	1	1	14
3121	9	9	7
3122	1	1	3
3123	8	8	88
3126	1	1	0
3129	3	3	29
313	9	9	9
3133	1	1	21
3136	4	4	0
3138	14	14	170
3139	1	1	0
314	1	1	11
3140	9	9	31
3141	9	9	158
3142	2	2	19
3144	5	5	41
3145	1	1	1
3146	2	2	13
3147	66	66	77
3149	1	1	12
315	1	1	9
316	6	6	28
3160	40	40	65
3161	8	8	0
3162	7	7	140
3163	6	6	55
3164	4	4	12
3165	1	1	29
3166	10	10	65
3170	1	1	0
3173	4	4	97
3175	1	1	0
3176	2	2	24
3177	4	4	3
3187	1	1	9
3188	8	8	69
319	1	1	9
3190	1	1	8
3191	1	1	14
3192	6	6	48
3193	4	4	50
3194	1	1	0
3195	1	1	5
3198	6	6	92
3200	5	5	37
3202	1	1	4
3203	9	9	88
3204	2	2	13
3207	2	2	6
3208	2	2	39
3211	2	2	14
3212	1	1	1
3214	4	4	15
3216	1	1	10
3218	4	4	33
3219	2	2	0
3220	1	1	2
3222	37	37	537
3224	2	2	25
3226	1	1	6
3227	3	3	53
3228	2	2	6
3233	3	3	26
3236	21	21	101
3237	256	256	3745
3239	1	1	7
324	2	2	28
3242	1	1	14
3243	1	1	24
3245	1	1	2
3247	3	3	43
3249	1	1	8
325	1	1	1
3250	9	9	65
3251	2	2	11
3253	6	6	0
3254	1	1	6
3256	4	4	33
3259	1	1	5
3260	2	2	0
3262	1	1	8
3263	11	11	76
3270	1	1	4
3271	3	3	0
3272	4	4	0
3280	3	3	11
3281	1	1	27
3283	1	1	24
3284	17	17	61
3288	11	11	116
3291	1	1	10
3294	1	1	0
3296	3	3	31
3297	2	2	0
3298	1	1	5
33	8	8	50
330	1	1	29
3300	3	3	31
3304	14	14	80
3305	1	1	20
3306	1	1	20
3308	1	1	0
331	7	7	15
3312	4	4	55
3316	33	33	144
332	43	43	167
3322	1	1	1
3332	61	61	279
3338	1	1	29
3346	2	2	2
3349	2	2	2
3351	2	2	33
3352	20	20	93
3356	1	1	10
3358	2	2	22
3359	3	3	44
336	3	3	13
3363	17	17	70
337	2	2	41
3373	1	1	27
3377	2	2	22
3378	1	1	18
3379	4	4	7
3380	1	1	1
3386	1	1	3
3389	11	11	103
3394	43	43	209
3397	1	1	26
3399	1	1	4
3402	3	3	53
3404	9	9	168
3407	15	15	106
3408	3	3	56
3412	2	2	17
3415	1	1	4
342	1	1	12
3422	1	1	0
3423	2	2	19
3428	2	2	52
3431	7	7	128
3433	2	2	0
3434	2	2	16
3435	1	1	6
3436	3	3	9
3437	1	1	5
344	1	1	0
3440	1	1	3
3442	1	1	7
3444	5	5	24
3449	3	3	12
3450	4	4	48
3451	4	4	9
3453	45	45	268
3455	9	9	87
3458	1	1	8
346	1	1	6
3462	56	56	225
3463	1	1	5
3465	1	1	28
3469	2	2	16
347	4	4	49
3474	1	1	14
3478	17	17	321
3486	2	2	22
3488	2	2	0
3495	17	17	118
3497	2	2	35
3498	1	1	0
3501	1	1	9
3505	1	1	13
3507	53	53	252
3508	1	1	6
3510	2	2	8
3514	2	2	19
3516	1	1	5
3517	1	1	12
3521	1	1	7
3523	2	2	7
3525	2	2	4
3526	3	3	19
3527	1	1	1
3534	1	1	13
3539	5	5	31
354	5	5	13
3541	2	2	13
3543	31	31	283
3545	1	1	14
3546	1	1	0
3548	1	1	1
3549	1	1	14
355	1	1	4
3550	4	4	33
3554	1	1	13
3557	2	2	31
3558	3	3	67
356	15	15	189
3560	1	1	19
3563	20	20	258
3564	2	2	12
3569	2	2	44
357	17	17	42
3570	2	2	6
3571	20	20	343
3573	3	3	17
3577	1	1	4
3579	3	3	16
358	2	2	8
3580	3	3	13
3582	1	1	23
3583	7	7	90
3585	1	1	1
3586	2	2	14
3589	12	12	116
3590	3	3	43
3591	2	2	4
3592	6	6	3
3600	2	2	7
3601	2	2	26
3604	42	42	205
3605	25	25	102
3609	6	6	0
3611	4	4	35
3612	1	1	0
3613	3	3	1
3615	3	3	57
3616	2	2	33
3618	1	1	5
3620	2	2	30
3622	1	1	4
3629	2	2	14
3631	1	1	0
3632	1	1	6
3633	6	6	16
3638	1	1	10
3642	171	171	806
3643	2	2	4
3644	1	1	13
3645	1	1	13
3649	1	1	9
3650	3	3	14
3651	1	1	3
3652	3	3	4
3654	1	1	5
3655	2	2	33
3656	15	15	49
3660	3	3	53
3665	1	1	7
3668	9	9	35
3669	1	1	3
367	1	1	3
3674	6	6	120
3681	4	4	53
3684	5	5	41
3686	1	1	2
3687	1	1	8
3689	1	1	1
3690	7	7	22
3699	1	1	9
37	1	1	0
370	1	1	1
3703	2	2	11
3705	137	137	615
371	3	3	16
3711	57	57	564
3713	46	46	215
3718	2	2	19
3720	4	4	0
3722	9	9	43
3723	1	1	21
3725	15	15	64
3726	28	28	23
3727	2	2	18
3728	1	1	1
3729	20	20	151
3730	2	2	14
3731	3	3	23
3732	183	183	2214
3733	1	1	24
3735	2	2	23
374	1	1	46
3740	3	3	8
3743	4	4	34
3747	1	1	2
3748	1	1	11
375	4	4	29
3752	40	40	257
3753	4	4	15
3755	1	1	0
3759	2	2	11
376	1	1	4
3760	1	1	3
3763	1	1	6
3765	2	2	18
3767	1	1	10
3770	3	3	11
3771	1	1	3
3779	1	1	7
3780	18	18	116
3783	1	1	2
3784	1	1	1
3786	1	1	8
3790	1	1	0
3795	1	1	2
3796	58	58	268
3799	5	5	51
380	3	3	21
3801	1	1	4
3802	6	6	28
3803	1	1	0
3804	2	2	9
3805	2	2	1
381	1	1	5
3811	227	227	1228
3812	1	1	9
3813	2	2	10
3815	1	1	13
3816	1	1	5
3818	1	1	16
3819	7	7	27
382	6	6	30
3823	1	1	17
3826	2	2	10
3827	1	1	10
3832	2	2	40
384	1	1	14
3843	6	6	54
3845	1	1	8
3846	2	2	11
3849	3	3	32
3850	1	1	0
3854	1	1	7
3855	1	1	2
3860	2	2	10
3865	1	1	3
3869	1	1	0
387	4	4	31
3870	3	3	1
3872	1	1	12
3880	14	14	212
3882	1	1	3
3885	13	13	73
3887	6	6	59
3889	1	1	7
389	1	1	0
3893	8	8	40
3894	6	6	50
3896	5	5	76
390	1	1	15
3901	3	3	14
3902	1	1	8
3904	2	2	13
3912	2	2	11
3914	1	1	9
3916	2	2	0
3921	1	1	19
3925	2	2	0
3926	3	3	10
393	1	1	1
3935	2	2	21
3940	2	2	14
3941	1	1	23
3942	1	1	9
3949	1	1	7
395	8	8	59
3954	1	1	10
3956	1	1	6
3958	1	1	8
3959	38	38	299
3962	1	1	1
3963	1	1	5
3965	9	9	97
3967	1	1	8
3969	5	5	52
3974	2	2	10
3975	2	2	27
3985	1	1	0
3986	3	3	11
3987	8	8	58
3992	163	163	2361
3995	4	4	43
3996	78	78	504
4	1	1	0
40	1	1	2
4000	1	1	0
4003	1	1	10
4007	14	14	136
4008	2	2	14
4009	1	1	7
401	1	1	11
4010	2	2	9
4011	2	2	20
4014	1	1	0
4017	1	1	19
402	1	1	7
4020	2	2	22
4021	1	1	13
403	7	7	23
4030	2	2	0
4033	73	73	516
4036	42	42	141
4039	8	8	111
4040	1	1	0
4044	1	1	6
4049	2	2	9
405	5	5	81
4050	5	5	15
4051	1	1	21
4052	1	1	28
4057	52	52	558
4058	2	2	24
4063	1	1	2
4064	2	2	50
4065	1	1	13
4067	4	4	10
4068	6	6	54
4070	6	6	105
4072	1	1	7
4073	5	5	48
4076	2	2	27
4078	1	1	15
4079	1	1	0
4080	7	7	29
4081	2	2	5
4085	1	1	2
4086	1	1	4
4090	1	1	2
4091	2	2	2
4092	1	1	2
4093	1	1	1
4095	1	1	0
4101	1	1	2
4102	1	1	18
4103	1	1	5
4107	16	16	70
4109	1	1	24
4110	3	3	0
4113	8	8	113
4115	13	13	64
4117	6	6	21
4118	4	4	4
412	1	1	0
4121	1	1	6
4128	69	69	290
4129	4	4	13
413	1	1	7
4132	1	1	6
4134	6	6	122
4137	1	1	7
4138	2	2	15
4140	3	3	28
4143	10	10	38
415	6	6	17
4150	1	1	19
4152	2	2	8
4155	2	2	35
4156	7	7	165
416	6	6	48
4161	3	3	25
4163	2	2	14
4165	2	2	15
4166	4	4	58
4172	20	20	105
418	1	1	2
4181	1	1	20
4183	2	2	0
4189	1	1	2
4193	1	1	17
4195	10	10	152
4196	2	2	19
4199	3	3	9
4202	2	2	7
4208	1	1	7
4209	1	1	4
421	1	1	0
4210	1	1	0
4212	1	1	6
4213	1	1	3
4220	13	13	208
4221	2	2	19
4222	3	3	54
4224	1	1	29
4226	5	5	7
4229	4	4	32
423	6	6	61
4230	2	2	2
4231	1	1	20
4232	5	5	13
4233	1	1	14
4234	1	1	18
4242	3	3	43
4243	2	2	4
4244	3	3	14
4248	2	2	7
4250	1	1	12
4252	1	1	8
4255	2	2	10
4261	1	1	14
4265	1	1	3
4266	2	2	44
4268	4	4	45
4269	1	1	8
427	2	2	18
4270	38	38	164
4271	2	2	21
4273	12	12	151
4274	24	24	198
4275	1	1	6
4276	4	4	20
4280	1	1	19
4281	1	1	10
4283	27	27	409
4284	1	1	0
4288	1	1	8
4291	1	1	14
4293	15	15	128
4297	1	1	7
4298	1	1	17
43	1	1	8
430	2	2	30
4300	1	1	13
4301	3	3	27
4304	2	2	29
4305	1	1	0
4306	7	7	115
4310	4	4	44
4313	1	1	0
4314	3	3	71
4315	14	14	80
4317	2	2	13
4319	2	2	8
4320	7	7	25
4328	1	1	20
4329	2	2	42
433	2	2	14
4330	2	2	10
4331	1	1	19
4333	2	2	27
4334	1	1	11
4335	1	1	13
4344	3	3	58
4346	2	2	21
4347	1	1	0
435	1	1	6
4351	2	2	13
4352	1	1	7
4353	1	1	10
4354	2	2	30
4356	1	1	6
4360	1	1	17
4364	3	3	44
4366	9	9	100
4371	1	1	6
4372	3	3	23
4373	21	21	220
4374	14	14	56
4375	1	1	28
4380	1	1	5
4381	12	12	117
4385	8	8	32
4386	10	10	106
4388	4	4	40
4389	1	1	3
439	1	1	8
4390	5	5	56
4395	2	2	2
4397	1	1	8
4398	104	104	994
44	2	2	18
440	3	3	44
4402	1	1	7
4404	1	1	14
4406	1	1	7
4407	2	2	11
4409	1	1	14
441	2	2	55
4411	4	4	29
4412	6	6	49
4419	1	1	8
4425	2	2	7
4426	1	1	22
4428	1	1	8
4429	4	4	12
4430	3	3	6
4434	1	1	11
4438	2	2	11
4441	6	6	109
4442	1	1	28
4445	1	1	3
4447	1	1	8
4448	7	7	52
445	1	1	1
4452	1	1	6
446	35	35	260
4462	8	8	49
4467	2	2	2
4469	2	2	0
447	1	1	5
4470	2	2	44
4473	2	2	29
4478	3	3	13
4479	6	6	7
448	10	10	51
4480	1	1	0
4481	109	109	1272
4482	1	1	1
4484	1	1	2
4485	7	7	3
4490	3	3	15
4494	2	2	3
4496	5	5	49
4497	7	7	51
4499	10	10	46
4500	10	10	86
4503	3	3	50
4504	25	25	119
4505	8	8	30
4507	13	13	58
4511	1	1	1
4513	1	1	17
4516	1	1	0
4517	2	2	14
452	20	20	236
4521	12	12	29
4523	2	2	13
4526	1	1	14
4529	1	1	16
4531	1	1	2
4532	2	2	0
4535	5	5	48
4538	2	2	14
4539	1	1	5
454	1	1	3
4540	1	1	21
4541	1	1	6
4542	3	3	29
4543	2	2	17
4544	2	2	7
4545	1	1	9
4547	4	4	14
4551	5	5	25
4552	7	7	67
4553	14	14	152
4555	3	3	38
4558	1	1	1
4561	1	1	1
4564	2	2	56
457	45	45	89
4575	1	1	8
4576	1	1	1
4577	4	4	5
4579	3	3	30
458	2	2	11
459	1	1	0
4594	90	90	1306
4597	3	3	10
460	5	5	19
4601	1	1	14
4602	1	1	2
4605	2	2	34
4606	2	2	7
4607	4	4	0
4608	1	1	0
4610	2	2	3
4618	1	1	0
4619	2	2	14
462	1	1	14
4624	1	1	3
4625	1	1	0
4627	123	123	1072
4629	2	2	34
463	2	2	20
4631	2	2	12
4635	23	23	12
4636	1	1	28
4637	2	2	34
4639	2	2	15
4640	6	6	23
4642	1	1	3
4645	2	2	14
4648	5	5	27
465	2	2	13
4653	1	1	4
4654	3	3	33
4655	32	32	572
4657	17	17	190
4658	1	1	9
466	193	193	1033
4664	1	1	3
4666	4	4	12
467	1	1	27
4673	1	1	2
4676	2	2	7
4678	2	2	13
468	2	2	0
4680	2	2	24
4683	6	6	14
4684	1	1	0
4686	1	1	4
4690	16	16	120
4691	1	1	1
4696	1	1	0
470	5	5	26
4700	7	7	12
4701	1	1	0
4702	2	2	8
4706	3	3	19
4707	3	3	3
4708	1	1	7
4709	13	13	59
471	1	1	5
4710	2	2	14
4711	1	1	0
4712	1	1	9
4713	7	7	86
4719	1	1	3
472	1	1	7
4723	3	3	19
4726	1	1	15
4727	268	268	73
473	7	7	55
4730	3	3	34
4737	2	2	4
4738	2	2	12
4742	4	4	32
4743	1	1	1
4745	1	1	6
4746	2	2	18
4749	5	5	72
4751	36	36	268
4752	12	12	107
4753	3	3	51
4758	3	3	14
4759	4	4	41
4761	26	26	237
4762	2	2	0
4763	2	2	10
4766	9	9	91
4768	1	1	5
4769	2	2	39
4770	5	5	27
4772	3	3	68
4773	807	807	7095
4774	1	1	28
4782	3	3	35
4786	1	1	4
4787	2	2	6
4788	1	1	8
4790	2	2	9
4794	169	169	809
4795	2	2	23
4796	5	5	58
48	1	1	0
4807	17	17	88
4809	1	1	1
481	1	1	9
4813	1	1	0
4820	1	1	15
4822	1	1	8
4823	151	151	1544
4829	7	7	46
4830	1	1	9
4831	1	1	9
4833	2	2	15
4835	1	1	0
4838	1	1	0
4839	9	9	45
4840	2	2	11
4841	2	2	37
4846	1	1	14
485	5	5	58
4853	1	1	0
4857	1	1	6
4858	1	1	19
4859	2	2	40
4860	1	1	24
4865	1	1	2
4868	2	2	30
4869	2	2	6
4871	2	2	15
4872	44	44	159
4873	3	3	0
4874	5	5	42
4877	1	1	10
4886	1	1	5
4887	1	1	11
4888	2	2	35
4889	4	4	63
4894	1	1	10
4899	1	1	24
4900	1	1	3
4903	2	2	46
4905	1	1	25
4907	4	4	14
4909	1	1	4
4910	1	1	5
4911	7	7	59
4913	1	1	7
4922	2	2	21
4923	4	4	24
4926	9	9	29
4927	146	146	810
4929	1	1	9
4933	2	2	0
4934	1	1	17
4935	2	2	14
4937	1	1	9
4938	1	1	5
4942	1	1	0
4943	1	1	11
4944	1	1	15
4946	5	5	41
4951	1	1	7
4955	19	19	367
4956	7	7	93
4957	1	1	1
4959	3	3	45
4961	2	2	0
4962	1	1	4
4963	1	1	30
4966	2	2	13
4973	1	1	0
4975	2	2	30
4979	1	1	9
498	6	6	4
4980	1	1	29
4982	9	9	40
4990	1	1	9
4992	1	1	0
4994	1	1	24
4997	9	9	19
5000	4	4	53
5002	3	3	50
5005	1	1	0
5010	1	1	6
5011	1	1	0
5012	22	22	155
5014	2	2	35
5018	5	5	50
5019	16	16	83
5024	2	2	20
5030	1	1	18
5033	2	2	43
5034	1	1	17
5035	5	5	32
5038	1	1	2
5041	3	3	36
5043	1	1	1
5045	4	4	15
5050	2	2	5
5051	1	1	2
5054	14	14	192
5057	2	2	19
5063	1	1	10
5064	1	1	7
5067	4	4	35
5075	1	1	2
5076	8	8	61
5077	1	1	13
5080	2	2	19
5084	2	2	25
5085	3	3	29
5086	5	5	61
5087	2	2	16
509	1	1	2
5090	2	2	29
5092	13	13	42
5093	1	1	21
5096	1	1	2
51	3	3	36
5102	1	1	9
5106	1	1	7
5109	1	1	6
5113	2	2	16
5114	1	1	0
5115	1	1	5
5117	2	2	7
5118	1	1	4
512	1	1	6
5124	1	1	0
5125	2	2	21
5127	1	1	4
513	1	1	9
5134	1	1	1
5135	2	2	18
5136	2	2	15
5138	2	2	44
5139	1	1	2
514	2	2	24
5141	1	1	13
5143	5	5	2
5147	2	2	5
515	1	1	18
5152	2	2	0
5157	1	1	16
5158	19	19	55
5160	1	1	10
5161	1	1	9
5162	1	1	0
5164	1	1	4
5166	1	1	1
5168	1	1	13
5174	1	1	28
5177	2	2	31
5180	5	5	27
5183	5	5	31
5185	1	1	7
5187	5	5	28
5189	1	1	0
519	1	1	10
5190	1	1	0
5191	1	1	12
5195	2	2	7
5196	26	26	126
5199	11	11	48
5200	1	1	28
5201	1	1	1
5212	2	2	6
5214	9	9	119
5216	1	1	10
5220	3	3	9
5222	7	7	1
5223	23	23	11
5225	1	1	1
5227	2	2	16
5234	17	17	216
5236	1	1	26
5237	6	6	28
5239	1	1	1
524	2	2	54
5241	2	2	11
5244	16	16	76
5246	3	3	77
5247	5	5	18
5248	2	2	8
525	1	1	9
5250	64	64	170
5251	38	38	470
5252	1	1	8
5255	1	1	1
5257	1	1	11
5259	2	2	2
5260	2	2	9
5262	10	10	135
5265	2	2	7
5267	186	186	1027
5268	1	1	0
5269	2	2	0
5271	2	2	7
5272	1	1	2
5275	1	1	5
5277	3	3	9
5278	1	1	3
5279	2	2	13
528	1	1	2
5286	1	1	10
5290	2	2	10
5291	2	2	18
5293	1	1	8
5295	3	3	7
5297	3	3	14
53	6	6	22
5300	32	32	226
5301	10	10	41
5302	1	1	9
5307	1	1	15
5310	14	14	396
5312	6	6	0
5313	1	1	5
5315	1	1	21
5317	20	20	137
5319	1	1	1
5320	1	1	1
5321	1	1	15
5322	1	1	25
5323	3	3	13
5324	1	1	0
5325	1	1	13
5326	1	1	0
5327	1	1	4
5328	2	2	9
5330	5	5	52
5334	1	1	8
5335	1	1	8
5337	2	2	19
5339	2	2	23
5340	1	1	1
5341	1	1	1
5347	1	1	0
5357	1	1	0
5364	1	1	21
5366	3	3	25
5368	6	6	29
5369	1	1	7
5375	2	2	10
5378	3	3	10
5381	1	1	12
5382	1	1	11
5383	1	1	21
5384	17	17	53
539	1	1	0
5390	9	9	108
5393	9	9	41
5394	7	7	18
5395	2	2	5
5397	1	1	21
54	3	3	43
5401	1	1	16
5402	1	1	0
5405	116	116	456
5406	4	4	14
5408	1	1	7
5409	4	4	8
541	1	1	4
5415	3	3	4
542	5	5	37
5420	9	9	65
5422	1	1	8
5425	1	1	1
5426	1	1	3
5427	1	1	1
5429	3	3	30
5431	2	2	11
5433	2	2	3
5435	15	15	205
5441	1	1	4
5442	3	3	16
5447	1	1	21
5449	1	1	2
545	11	11	64
5450	4	4	18
5451	3	3	5
5454	1	1	12
5456	2	2	21
5458	3	3	19
5462	2	2	45
5464	2	2	26
5471	1	1	5
5477	4	4	29
5478	4	4	33
548	1	1	12
5494	1	1	1
5496	10	10	225
5500	1	1	8
5502	7	7	1
5507	4	4	16
5508	4	4	63
5509	15	15	34
5510	1	1	14
5513	1	1	4
5514	3	3	63
5515	2	2	3
5520	2	2	20
5523	16	16	34
5524	1	1	7
5525	1	1	14
553	1	1	7
5532	1	1	5
5533	3	3	31
5538	1	1	11
5541	11	11	3
5544	6	6	25
5548	6	6	17
5549	1	1	2
555	1	1	2
5550	1	1	7
5552	3	3	16
5555	3	3	25
5556	6	6	81
5557	11	11	135
5559	1	1	5
556	2	2	24
5561	1	1	5
5562	4	4	64
5563	1	1	25
5564	2	2	1
5567	2	2	13
5568	3	3	39
557	5	5	35
5573	2	2	9
5574	2	2	0
5575	1	1	9
5576	1	1	6
5577	2	2	7
5578	1	1	13
558	3	3	25
5581	4	4	34
5582	344	344	2169
5584	2	2	5
5586	20	20	66
5588	8	8	37
5589	1	1	5
5590	1	1	7
5591	2	2	13
5594	16	16	84
5597	3	3	27
5602	1	1	6
5605	2	2	17
5606	3	3	59
561	1	1	15
5615	6	6	66
5618	3	3	1
5619	163	163	5743
562	1	1	4
5621	1	1	7
5623	1	1	0
5626	2	2	21
563	6	6	83
5631	9	9	27
5634	2	2	9
5637	1	1	0
5639	1	1	0
5641	1	1	0
5642	3	3	7
5644	2	2	14
5645	3	3	17
5647	4	4	47
5648	4	4	26
5649	1	1	0
5651	14	14	75
5652	2	2	21
5657	1	1	34
5660	26	26	261
5661	1	1	16
5662	2	2	46
5663	1	1	15
5666	6	6	75
567	6	6	18
5670	2	2	0
5672	5	5	8
5677	2	2	11
5678	1	1	23
5680	22	22	65
5681	2	2	1
5683	3	3	8
5685	3	3	9
5686	995	995	4948
5691	2	2	14
5693	4	4	26
5694	1	1	10
57	5	5	38
5701	6	6	54
5705	1	1	0
5707	1	1	7
5709	1	1	0
571	2	2	30
5712	1	1	11
5714	6	6	65
5718	2	2	42
5719	2	2	4
5725	1	1	1
5728	19	19	62
573	1	1	5
5730	1	1	25
5731	2	2	6
5733	1	1	24
5734	2	2	20
5738	5	5	1
5740	1	1	24
5741	1	1	10
5742	4	4	19
5746	6	6	28
5747	3	3	24
5749	1	1	1
5755	1	1	26
5756	10	10	88
5759	1	1	0
5763	1	1	0
5768	1	1	4
5771	1	1	4
5772	3	3	21
5773	12	12	38
5774	1	1	18
5777	1	1	2
5779	10	10	85
578	3	3	33
5780	1	1	2
5781	4	4	74
5784	1	1	7
5787	2	2	3
5792	3	3	15
5793	7	7	50
5796	3	3	13
5798	1	1	10
58	2	2	33
580	3	3	42
5803	7	7	34
5804	12	12	41
5805	1	1	0
5806	1	1	2
5809	3	3	29
5810	2	2	5
5811	1	1	1
5819	2	2	14
582	1	1	5
5820	24	24	454
5822	1	1	6
5825	38	38	189
5826	1	1	16
5827	2	2	5
5830	1	1	5
5831	1	1	3
5838	2	2	9
5839	2	2	10
584	16	16	265
5843	2	2	0
5845	1	1	1
5846	2	2	14
5849	6	6	38
585	2	2	2
5851	4	4	20
5857	3	3	31
586	2	2	9
5860	1	1	0
5865	1	1	0
5867	5	5	2
5868	1	1	6
5871	4	4	33
5874	1	1	6
5875	3	3	10
5877	4	4	60
5883	3	3	55
5885	1	1	0
5886	2	2	35
5892	1	1	7
5893	4	4	40
5901	20	20	72
5903	4	4	16
5904	5	5	54
5905	1	1	1
5907	2	2	22
5908	1	1	5
5909	3	3	30
5912	1	1	39
5913	2	2	3
5915	4	4	0
5917	1	1	11
592	1	1	24
5920	1	1	8
5925	4	4	90
5926	1	1	6
5928	8	8	36
5929	1	1	8
593	1	1	7
5932	5	5	42
5936	3	3	0
5939	1	1	0
5944	3	3	48
5949	4	4	25
5952	1	1	0
5953	2	2	13
5954	1	1	19
5958	1	1	7
5962	3	3	27
5966	1	1	6
5970	12	12	94
5973	1	1	11
5975	1	1	18
5981	12	12	43
5982	1	1	2
5985	9	9	43
5986	1	1	7
5988	1	1	5
5997	1	1	0
5999	2	2	53
60	1	1	5
6000	2	2	20
6001	1	1	16
6002	1	1	3
6004	4	4	23
6006	1	1	4
6007	2	2	0
6008	7	7	0
601	7	7	104
6014	1	1	8
6021	1	1	20
6025	2	2	22
6028	1	1	3
603	3	3	43
6030	10	10	42
6034	1	1	49
6036	1	1	19
6037	2	2	50
6038	1	1	9
6039	1	1	4
6044	2	2	16
6048	1	1	0
605	5	5	6
6050	3	3	9
6054	3	3	35
6057	1	1	5
606	1	1	0
6060	9	9	156
6064	3	3	20
6065	7	7	84
6068	2	2	26
607	7	7	6
6073	1	1	5
6074	3	3	14
608	1	1	4
6081	1	1	7
6082	1	1	5
6083	3	3	21
6087	15	15	242
6095	1	1	25
6099	1	1	3
61	1	1	6
6100	2	2	4
6103	440	440	2395
6104	1	1	13
6105	2	2	20
6106	3	3	38
6108	2	2	0
6109	4	4	76
6110	2	2	18
6111	6	6	70
6113	1	1	8
6117	2	2	0
6118	2	2	15
6119	12	12	48
612	1	1	20
6123	2	2	30
6124	4	4	0
6125	1	1	10
6126	7	7	58
6127	3	3	7
6134	15	15	89
6135	2	2	41
6136	3	3	28
6138	2	2	9
6139	4	4	12
6140	1	1	6
6141	10	10	63
6148	1	1	3
6149	1	1	3
6151	1	1	25
6153	1	1	10
6154	3	3	27
6155	2	2	12
6156	4	4	14
6158	1	1	9
6159	2	2	0
616	6	6	50
6163	1	1	2
6164	7	7	49
6173	3	3	24
6174	2	2	19
6178	10	10	47
6179	8	8	81
6180	1	1	0
6187	1	1	7
6188	7	7	50
6189	1	1	5
619	8	8	54
6190	1	1	17
6192	7	7	21
6193	15	15	77
6194	6	6	18
6197	1	1	2
6198	4	4	32
6200	1	1	1
6205	5	5	12
6206	8	8	38
6207	4	4	64
6209	2	2	25
6210	1	1	18
6215	15	15	59
6216	1	1	28
6218	1	1	0
6219	6	6	28
6220	2	2	4
6221	1	1	20
6222	1	1	5
6225	17	17	131
6226	2	2	33
6229	1	1	16
6237	1	1	7
6238	2	2	33
6239	1	1	1
624	2	2	26
6243	1	1	2
6245	1	1	4
6246	1	1	17
6248	2	2	1
6249	2	2	7
625	4	4	58
6251	1	1	10
6255	51	51	93
6259	1	1	19
6261	3	3	16
6262	12	12	50
6268	1	1	5
6269	7	7	25
6271	3	3	38
6272	1	1	3
6275	6	6	28
6278	1	1	12
6281	1	1	21
6282	2	2	34
6283	1	1	2
6284	1	1	4
6286	2	2	30
6292	8	8	60
6298	1	1	3
630	2	2	10
6301	39	39	224
6302	47	47	156
6303	1	1	5
6308	2	2	16
6310	4	4	20
6311	24	24	87
6312	1	1	1
6319	1	1	14
6322	1	1	28
6324	1	1	17
6325	2	2	21
633	2	2	9
6330	158	158	764
6336	3	3	33
6338	1	1	14
6339	1	1	10
635	1	1	13
6351	1	1	1
6353	5	5	37
6354	3	3	71
6355	4	4	21
6356	1	1	26
6357	2	2	9
636	2	2	18
6361	2	2	5
6362	1	1	11
637	7	7	72
6372	2	2	34
6373	3	3	0
6374	1	1	6
6378	2	2	12
6379	1	1	1
6381	2	2	9
6382	1	1	0
6383	1	1	14
6388	2	2	10
6389	2	2	34
6394	1	1	29
6397	1	1	0
6405	1	1	1
6409	1	1	1
6410	2	2	12
6411	28	28	258
6414	1	1	8
6416	4	4	21
6420	2	2	8
6421	6	6	23
6425	1	1	1
6427	3	3	31
6430	1	1	15
6433	1	1	21
6436	2	2	22
6438	3	3	0
6441	1	1	6
6442	1	1	2
6451	46	46	172
6461	125	125	630
6464	3	3	24
6469	2	2	45
647	1	1	1
6470	2	2	14
6474	2	2	13
6475	1	1	17
6478	1	1	14
6479	4	4	21
6488	1	1	28
6492	2	2	14
6493	2	2	5
6499	14	14	199
650	1	1	4
6500	7	7	51
6501	1	1	4
6503	1	1	0
6508	2	2	11
6509	1	1	7
651	2	2	20
6512	1	1	13
6513	1	1	18
6517	1	1	28
6519	23	23	6
652	14	14	60
6521	199	199	714
6523	10	10	142
6524	36	36	184
6525	1	1	7
6526	2	2	15
6529	3	3	72
6530	3	3	43
6535	2	2	10
6536	1	1	8
6538	10	10	44
6539	1	1	9
654	1	1	7
6540	1	1	2
6541	1	1	13
6545	1	1	5
6546	1	1	7
6548	1	1	3
6551	1	1	0
6553	1	1	4
6555	1	1	0
6556	1	1	18
6558	2	2	7
6560	1	1	3
6561	1	1	0
6563	6	6	97
6565	3	3	0
6569	2	2	25
6570	1	1	4
6575	1	1	1
6576	1	1	24
6577	3	3	20
6583	1	1	6
6585	2	2	14
6587	12	12	45
6590	2	2	10
6596	1	1	0
6597	2	2	36
6599	3	3	13
66	1	1	6
6600	5	5	93
6602	1	1	5
6603	2	2	15
6608	2	2	7
6610	1	1	0
6615	2	2	13
6616	1	1	13
6617	4	4	26
6620	1	1	1
6623	6	6	2
6624	1	1	0
6625	1	1	15
6627	1	1	14
663	4	4	13
6630	2	2	42
6631	1	1	27
6634	1	1	2
6640	1	1	3
6641	7	7	130
6642	1	1	0
665	3	3	42
6651	8	8	40
6655	1	1	3
6659	1	1	2
666	1	1	12
6661	3	3	19
6663	2	2	31
6665	2	2	21
6666	7	7	34
6668	1	1	14
667	1	1	5
6672	5	5	79
6674	2	2	15
6676	5	5	25
6679	15	15	201
6680	3	3	68
6685	1	1	20
6686	1	1	19
6688	6	6	62
6690	7	7	66
6693	5	5	16
6699	2	2	0
67	1	1	5
6700	1	1	0
6702	2	2	31
6704	10	10	12
6706	1	1	0
6707	2	2	25
6708	1	1	27
6709	1	1	17
6713	2	2	2
6715	3	3	36
6717	1	1	9
6719	2	2	6
672	2	2	22
6725	1	1	0
6729	1	1	2
6730	12	12	69
6731	4	4	33
6732	1	1	4
6742	2	2	6
6743	4	4	38
6752	3	3	6
6754	2	2	13
6755	1	1	19
6758	2	2	9
6759	1	1	17
6760	1	1	6
6761	1	1	8
6764	4	4	65
6765	8	8	121
6766	1	1	19
6769	1	1	11
677	14	14	143
6772	15	15	25
6774	3	3	109
6778	2	2	23
6779	1	1	22
678	2	2	18
6794	2	2	3
6795	7	7	32
6798	1	1	7
68	1	1	0
680	1	1	7
6800	2	2	27
6801	2	2	6
6802	1	1	4
6805	1	1	25
6809	1	1	7
681	5	5	24
6813	1	1	7
6816	23	23	261
6820	2	2	44
6821	1	1	26
6826	9	9	49
6827	1	1	11
6829	1	1	0
6834	1	1	5
6837	1	1	2
6839	1	1	5
6841	1	1	28
6849	4	4	43
6850	29	29	143
6852	2	2	42
6854	1	1	7
6856	1	1	26
6857	1	1	2
6859	2	2	21
6864	9	9	24
6866	1	1	19
6868	19	19	107
687	3	3	17
6870	1	1	6
6873	1	1	21
6874	1	1	1
6878	5	5	35
6879	4	4	49
6881	1	1	22
6886	3	3	19
6888	25	25	193
6889	1	1	6
6893	5	5	28
6898	2	2	26
6899	1	1	8
69	2	2	12
6900	1	1	1
6906	1	1	14
6907	1	1	11
6909	1	1	7
6914	2	2	1
6916	2	2	15
6917	3	3	14
6918	3	3	65
692	3	3	24
6922	2	2	13
6923	2	2	38
6925	1	1	2
6926	2	2	29
6927	1	1	0
6928	5	5	92
6929	22	22	153
6930	3	3	16
6935	1	1	5
6942	3	3	2
6948	1	1	8
6950	1	1	4
6951	29	29	104
6952	1	1	28
6954	1	1	11
6955	4	4	16
6962	8	8	6
6963	2	2	5
6968	1	1	7
6971	1	1	1
6972	5	5	24
6976	1	1	13
6978	1	1	2
6981	1	1	17
6982	3	3	41
6983	1	1	8
6985	1	1	1
6986	2	2	9
6995	3	3	64
6997	2	2	41
6998	9	9	23
70	1	1	5
7000	2	2	19
7001	1	1	4
7003	4	4	4
7006	3	3	47
7007	4	4	8
7008	9	9	24
7010	1	1	2
7019	23	23	139
702	1	1	7
7020	4	4	53
7023	1	1	4
7025	1	1	6
7028	1	1	22
7029	5	5	73
703	4	4	76
7034	11	11	33
7035	1	1	0
7036	1	1	0
7038	11	11	43
7042	8	8	28
7044	1	1	1
7046	2	2	16
7048	8	8	42
7050	2	2	10
7057	3	3	12
7061	17	17	57
7062	1	1	2
7064	10	10	107
7066	2	2	7
7067	1	1	1
7070	1	1	23
7071	2	2	7
7074	2	2	46
7077	3	3	34
7078	2	2	41
7079	1	1	6
7084	1	1	1
7086	1	1	9
7088	37	37	456
7090	4	4	19
7092	1	1	0
7095	2	2	27
7097	1	1	1
7098	9	9	158
7107	2	2	8
7109	1	1	14
7112	30	30	162
7114	2	2	0
7116	16	16	99
7120	1	1	12
7122	7	7	25
7126	1	1	1
7127	2	2	31
7129	1	1	6
7130	3	3	40
7132	56	56	1125
7133	3	3	30
7142	9	9	41
7144	2	2	14
7146	1	1	10
7149	1	1	1
715	1	1	0
7150	2	2	26
7153	7	7	71
7157	8	8	8
7165	6	6	91
7167	2	2	26
7169	2	2	14
7170	6	6	96
7171	1	1	8
7175	1	1	2
7177	1	1	3
7178	2	2	9
718	2	2	26
7180	2	2	34
7181	1	1	1
7182	1	1	5
7184	1	1	7
7190	3	3	33
7191	7	7	19
7193	1	1	1
7194	5	5	42
7195	3	3	25
7196	13	13	75
7199	1	1	2
7200	1	1	29
7204	3	3	18
7207	3	3	8
721	1	1	14
7210	2	2	38
7211	8	8	32
7217	1	1	25
7219	2	2	13
7220	1	1	10
7222	6	6	19
7223	4	4	68
7224	24	24	309
7226	1	1	10
7227	1	1	8
7232	70	70	365
7236	3	3	0
7237	1	1	8
7238	1	1	25
7239	13	13	59
7241	2	2	26
7243	3	3	8
7249	5	5	48
7250	2	2	30
7253	1	1	23
7254	2	2	14
7262	4	4	43
7263	2	2	13
7264	3	3	0
727	3	3	42
7270	1	1	12
7275	2	2	17
728	2	2	35
7283	3	3	1
7285	2	2	30
7287	2	2	10
7294	2	2	24
7298	1	1	15
7300	1	1	36
7302	5	5	74
7303	1	1	19
7305	19	19	158
7308	16	16	59
7309	5	5	168
731	2	2	8
7314	4	4	15
7315	1	1	8
7316	5	5	73
732	34	34	459
7321	2	2	10
7323	12	12	59
7325	3	3	21
7326	2	2	44
7331	1	1	1
7334	1	1	6
7335	6	6	65
7340	3	3	71
7344	1	1	0
7345	2	2	0
7347	17	17	271
735	1	1	1
7350	2	2	6
7352	3	3	46
7358	3	3	30
7360	1	1	1
7363	1	1	2
7364	2	2	42
7367	1	1	0
7368	1	1	13
7370	5	5	45
7372	1	1	9
7377	4	4	13
7379	1	1	15
7380	1	1	11
7382	1	1	1
7383	5	5	70
7385	2	2	3
7387	1	1	2
7388	5	5	29
7391	1	1	27
7392	2	2	12
7395	1	1	28
7399	5	5	111
74	1	1	2
7407	2	2	0
7408	2	2	10
7410	7	7	48
7412	3	3	5
7414	1	1	7
7415	2	2	34
7416	2	2	13
7419	1	1	29
7420	1	1	10
7421	1	1	11
7422	1	1	9
7423	1	1	17
7424	56	56	703
7430	126	126	1412
7431	17	17	123
7434	1	1	14
7435	1	1	2
7439	1	1	1
7444	3	3	0
7445	2	2	19
7450	1	1	16
7451	1	1	2
7452	5	5	70
7454	11	11	55
7455	2	2	5
7460	3	3	18
7462	1	1	1
7468	3	3	14
747	1	1	5
7470	3	3	44
7477	1	1	26
7478	1	1	2
7484	9	9	15
7487	68	68	10
7489	6	6	19
7493	5	5	51
7496	45	45	41
750	5	5	26
7503	3	3	41
7506	4	4	34
7507	3	3	68
751	2	2	5
7510	1	1	2
7512	2	2	0
7514	3	3	22
7516	1	1	19
7518	1	1	1
7523	3	3	18
7524	1	1	0
7526	2	2	20
7527	1	1	0
753	7	7	98
7531	91	91	473
7532	4	4	24
7534	15	15	94
7537	1	1	6
754	2	2	38
7540	2	2	25
7542	7	7	55
7548	1	1	0
7552	1	1	30
7554	1	1	0
7562	9	9	259
7563	1	1	9
7568	1	1	6
7570	2	2	39
7571	83	83	362
7573	1	1	8
7577	8	8	5
7578	3	3	47
7586	2	2	12
7587	11	11	234
7589	4	4	71
7597	16	16	74
760	1	1	0
7604	1	1	6
7605	5	5	40
7608	2	2	13
7609	16	16	79
7610	242	242	3348
7612	1	1	10
7613	2	2	11
7614	1	1	13
7616	2	2	14
7619	1	1	11
7623	2	2	22
763	3	3	18
7632	47	47	236
7633	1	1	5
7636	41	41	362
7637	1	1	0
7640	35	35	44
7645	19	19	58
7646	1	1	20
7648	1	1	0
7649	8	8	1
765	2	2	14
7651	1	1	13
7652	3	3	0
7654	1	1	11
7659	1	1	1
766	1	1	6
7660	1	1	1
7661	1	1	8
7664	4	4	26
7665	14	14	196
7668	2	2	0
767	1	1	1
7675	2	2	21
7679	2	2	22
7681	1	1	21
7688	2	2	40
7689	3	3	34
7691	1	1	3
7692	3	3	5
7694	1	1	1
770	1	1	8
7704	2	2	14
7707	4	4	24
7708	2	2	18
771	3	3	55
7712	1	1	4
7714	1	1	1
7718	1	1	1
7721	3	3	36
7722	1	1	10
7723	5	5	23
7724	6	6	44
7730	10	10	78
7731	1	1	27
7737	11	11	172
7740	4	4	80
7741	1	1	11
7744	7	7	31
7745	40	40	239
7746	1	1	1
775	2	2	17
7751	455	455	5107
7752	1	1	23
7754	15	15	106
7758	1	1	0
7760	3	3	29
7761	2	2	0
7765	1	1	3
7768	1	1	9
7769	11	11	90
7772	1	1	0
7774	1	1	9
7775	2	2	8
7781	1	1	1
7786	8	8	34
7791	1	1	0
7792	2	2	11
7797	1	1	19
7798	4	4	16
780	1	1	6
7802	71	71	591
7803	2	2	0
7805	2	2	47
7807	4	4	19
7816	3	3	9
7820	2	2	36
7824	1	1	0
7825	4	4	19
7828	1	1	3
7830	1	1	2
7833	1	1	5
7834	1	1	15
784	3	3	35
7840	6	6	39
7842	2	2	16
7844	5	5	26
7845	2	2	10
7847	7	7	84
7851	5	5	87
7855	1	1	2
7857	2	2	41
7859	4	4	177
7860	1	1	7
7863	5	5	30
7867	2	2	7
7868	2	2	9
7870	8	8	47
7871	2	2	42
7874	4	4	25
7875	1	1	0
7879	5	5	65
7880	2	2	35
7882	1	1	1
7883	1	1	0
7884	1	1	1
7888	1	1	28
7891	1	1	5
7892	1	1	11
7893	3	3	23
7897	1	1	10
7898	2	2	14
7902	1	1	0
7910	2	2	2
7917	6	6	92
7919	1	1	2
792	1	1	10
7921	10	10	43
7924	60	60	138
7925	2	2	52
7929	7	7	100
793	4	4	33
7930	2	2	20
7932	1	1	0
7933	4	4	1
7934	2	2	13
7938	5	5	35
7939	1	1	21
794	3	3	51
7941	5	5	119
7944	3	3	52
7947	3	3	63
7956	4	4	34
7959	24	24	367
7966	28	28	139
7967	3	3	51
7969	3	3	10
7971	16	16	274
7973	1	1	7
7974	2	2	16
7980	3	3	31
7981	3	3	35
7985	1	1	6
7987	3	3	69
7991	1	1	9
7993	1	1	2
7996	11	11	166
800	2	2	26
8002	3	3	41
8003	3	3	24
8004	3	3	0
8005	3	3	6
8006	2	2	0
8014	2	2	0
8015	1	1	7
8017	3	3	16
8018	83	83	335
802	11	11	169
8020	10	10	50
8022	2	2	13
8023	2	2	6
8025	2	2	23
8026	4	4	0
8038	1	1	1
8039	1	1	3
804	1	1	1
8040	1	1	8
8047	3	3	28
8049	2	2	13
8050	1	1	3
8051	1	1	2
8052	6	6	43
8053	1	1	5
8056	1	1	0
8058	8	8	103
8060	1	1	16
8061	1	1	11
8062	14	14	208
8063	2	2	0
8064	11	11	64
8067	46	46	166
8068	1	1	0
8069	4	4	26
8072	3	3	0
8073	3	3	39
8076	2	2	14
808	11	11	124
8081	2	2	10
8083	4	4	63
8084	1	1	0
8086	2	2	8
8087	1	1	0
8088	26	26	124
8089	2	2	42
8090	4	4	22
8094	1	1	12
8095	3	3	24
8097	1	1	92
8098	1	1	20
810	2	2	20
8103	1	1	13
8104	2	2	54
8105	8	8	55
8106	3	3	21
811	4	4	32
8111	1	1	12
8112	33	33	383
8119	2	2	15
812	1	1	4
8124	3	3	16
8125	2	2	2
8126	2	2	7
8127	2	2	12
8129	2	2	19
8130	59	59	802
8131	1	1	0
8132	1	1	3
8133	2	2	1
8134	1	1	8
8135	2	2	19
8137	56	56	135
8140	123	123	85
8142	4	4	19
8147	2	2	20
8149	4	4	44
8150	1	1	6
8152	1	1	5
8153	1	1	12
8156	40	40	154
8157	1	1	0
816	2	2	4
8161	5	5	31
8163	1	1	13
8168	3	3	67
8169	14	14	92
817	1	1	8
8172	29	29	151
8173	3	3	39
8175	1	1	14
8176	1	1	0
8177	2	2	25
8178	1	1	0
818	1	1	3
8182	49	49	195
8188	1	1	13
8191	7	7	83
8192	95	95	1374
8193	2	2	35
8195	1	1	8
820	3	3	18
8200	2	2	21
8201	4	4	85
8202	1	1	1
8203	1	1	2
8207	2	2	11
821	4	4	7
8211	2	2	2
8217	1	1	1
8221	2	2	17
8223	1	1	11
8225	55	55	454
8227	1	1	16
8228	11	11	43
823	5	5	16
8236	3	3	13
8239	1	1	1
8240	1	1	11
8245	1	1	7
8248	1	1	9
8251	13	13	89
8252	9	9	47
8256	2	2	4
8259	1	1	12
826	1	1	8
8260	1	1	6
8261	1	1	13
8267	1	1	5
8268	1	1	13
8270	40	40	699
8275	2	2	15
8276	1	1	0
828	6	6	54
8281	1	1	0
8283	6	6	62
8286	1	1	7
8288	1	1	2
829	2	2	10
8290	3	3	21
8291	1	1	7
8292	3	3	30
8295	5	5	13
8298	1	1	7
8299	2	2	0
8300	4	4	47
8304	1	1	3
8305	1	1	3
831	9	9	68
8311	2	2	38
8314	3	3	44
8315	1	1	1
8317	1	1	7
8318	1	1	27
8321	8	8	56
8322	2	2	35
8324	1	1	3
8326	1	1	4
8331	1	1	19
8333	2	2	9
8337	3	3	36
834	2	2	4
8341	2	2	31
8343	2	2	50
8346	1	1	6
8349	2	2	0
835	1	1	1
8350	1	1	6
8354	1	1	14
8356	9	9	25
8357	1	1	1
8358	4	4	26
836	4	4	23
8360	1	1	13
8361	4	4	13
8362	6	6	56
8363	9	9	81
8364	1	1	2
8365	1	1	10
8369	1	1	4
8371	4	4	45
8373	1	1	7
8376	29	29	88
8384	2	2	14
8388	1	1	12
8389	2	2	19
8393	1	1	0
8394	9	9	52
8395	3	3	22
8396	1	1	5
8398	5	5	34
8399	2	2	12
840	1	1	8
8400	1	1	0
8401	1	1	2
8402	1	1	10
8403	1	1	0
8406	1	1	9
841	3	3	43
8410	1	1	2
8413	1	1	8
8417	2	2	7
842	9	9	60
8420	2	2	20
8425	16	16	23
8428	1	1	14
843	2	2	0
8430	2	2	22
8432	3	3	9
8433	5	5	20
8436	1	1	4
844	1	1	1
8441	1	1	0
8445	2	2	16
8446	3	3	0
8447	2	2	42
8448	2	2	6
8450	1	1	0
8452	8	8	41
8456	2	2	0
846	3	3	60
8460	1	1	0
8461	17	17	28
8467	1	1	13
8474	7	7	2
8476	3	3	32
848	1	1	4
8483	3	3	18
8484	5	5	70
8485	1	1	5
8492	2	2	26
8493	1	1	0
8495	1	1	5
8497	6	6	88
850	5	5	7
8502	1	1	0
8505	2	2	53
8507	2	2	22
8509	1	1	2
8511	2	2	51
8512	1	1	3
8515	2	2	13
8516	1	1	5
8517	8	8	91
8518	4	4	45
8519	1	1	16
8520	3	3	38
8521	1	1	6
8522	1	1	0
8527	10	10	95
8528	9	9	108
853	1	1	9
8535	21	21	69
8537	4	4	20
8539	1	1	16
8542	1	1	0
8547	5	5	44
8550	4	4	13
8553	2	2	9
8554	12	12	85
8555	94	94	1064
8557	3	3	65
856	1	1	2
8561	65	65	294
8562	4	4	29
8563	5	5	59
8564	2	2	17
8565	1	1	7
8566	4	4	49
8569	1	1	0
8571	3	3	23
8572	5	5	15
8574	1	1	17
8575	1	1	20
8578	1	1	7
8581	11	11	94
8583	1	1	14
8586	1	1	6
8588	1	1	7
859	6	6	84
8590	3	3	12
8591	1	1	28
8592	26	26	344
8595	3	3	31
8600	5	5	102
8602	12	12	73
8606	4	4	24
8607	4	4	8
861	51	51	297
8611	3	3	37
8615	1	1	20
8616	1	1	7
8617	2	2	37
8618	82	82	18
8619	2	2	36
8626	1	1	33
8627	4	4	40
8630	2	2	9
8634	2	2	15
8639	1	1	4
8640	1	1	7
8641	7	7	47
8642	1	1	12
8643	223	223	1111
8644	4	4	1
8649	1	1	11
8651	4	4	0
8657	1	1	25
8660	2	2	32
8667	1	1	11
8670	2	2	0
8678	1	1	9
8680	188	188	1534
8681	2	2	33
8684	7	7	4
8685	1	1	0
8686	2	2	26
8689	5	5	67
8690	6	6	40
8692	4	4	41
8694	2	2	15
8695	2	2	29
8698	5	5	58
8699	2	2	17
871	2	2	15
8710	2	2	28
8713	1	1	3
8715	1	1	24
8716	14	14	76
8719	2	2	10
8727	1	1	4
8729	3	3	29
8731	2	2	27
8732	72	72	54
8735	35	35	308
8737	20	20	99
8738	2	2	18
8740	4	4	15
8741	1	1	22
8742	5	5	20
8744	1	1	16
8748	1	1	0
8749	2	2	12
875	1	1	5
8751	5	5	37
8752	1	1	10
8753	1	1	1
876	1	1	1
8762	1	1	0
8766	3	3	33
8767	1	1	0
8768	2	2	27
877	1	1	9
8773	5	5	13
8777	23	23	129
8781	2	2	55
8783	7	7	42
8785	3	3	13
8787	1	1	0
8789	1	1	17
8791	1	1	20
8792	1	1	15
8793	8	8	22
8795	1	1	7
8798	13	13	46
8801	1	1	9
8804	4	4	18
8809	1	1	8
8810	2	2	17
8811	8	8	156
8813	1	1	0
8814	1	1	11
8816	9	9	0
8818	2	2	3
8819	1	1	0
8822	1	1	2
8828	6	6	71
8829	2	2	46
883	44	44	607
8830	2	2	9
8831	1	1	8
8832	3	3	33
8834	1	1	11
8835	3	3	16
8837	1	1	2
8841	1	1	4
8842	3	3	16
8843	2	2	8
8844	4	4	68
8846	1	1	0
8847	7	7	32
8848	1	1	0
8849	3	3	14
8851	1	1	0
8852	1	1	1
8855	1	1	24
8860	4	4	42
8864	2	2	8
8866	2	2	54
8870	5	5	56
8875	1	1	12
8876	1	1	20
8878	3	3	16
888	1	1	4
8888	3	3	21
8895	1	1	9
8896	6	6	72
8899	2	2	4
89	1	1	21
890	1	1	16
8904	1	1	27
8905	2	2	14
8906	1	1	3
8909	2	2	56
8916	1	1	20
8922	2	2	43
8923	165	165	1471
8925	9	9	84
8929	1	1	8
8930	1	1	3
8933	1	1	26
8936	1	1	0
8937	1	1	0
8938	1	1	6
8940	2	2	9
8942	108	108	483
8943	5	5	8
8944	147	147	740
8946	1	1	7
8947	1	1	24
8951	1	1	4
8952	8	8	19
8957	3	3	22
8958	1	1	7
8959	1	1	7
8960	4	4	22
8963	4	4	32
8966	1	1	16
8968	3	3	29
897	2	2	12
8971	1	1	2
8974	1	1	4
8975	11	11	105
8977	2	2	21
8978	7	7	69
8982	2	2	13
8983	25	25	58
8984	2	2	23
8985	12	12	202
8987	1	1	8
8988	1	1	2
8990	1	1	11
8994	6	6	62
8998	11	11	88
8999	1	1	0
90	1	1	3
9000	1	1	38
9001	1	1	12
9006	1	1	17
9007	2	2	7
9015	5	5	20
9020	79	79	392
9032	4	4	25
9035	1	1	22
9038	56	56	645
9040	2	2	2
9041	1	1	5
9044	54	54	369
9049	1	1	1
9053	1	1	5
9057	1	1	2
9062	1	1	1
9072	8	8	70
9074	1	1	17
9077	1	1	9
908	19	19	195
9083	3	3	10
9085	11	11	44
9089	3	3	15
909	2	2	29
9090	3	3	2
9091	35	35	141
9093	2	2	43
9094	5	5	35
9096	2	2	28
9099	6	6	67
91	1	1	7
9102	1	1	3
9104	5	5	28
9109	1	1	21
9112	5	5	90
9113	6	6	48
9117	102	102	424
9119	6	6	66
912	5	5	37
9120	1	1	14
9122	4	4	35
9123	1	1	0
9124	2	2	12
9126	7	7	106
9127	4	4	49
9129	3	3	31
9130	1	1	8
9132	7	7	38
9134	3	3	20
9138	1	1	6
9146	2	2	23
9151	6	6	82
9158	6	6	30
916	1	1	0
9161	3	3	21
9162	1	1	2
9163	2	2	9
9172	2	2	0
9173	1	1	4
9174	1	1	14
9176	7	7	106
9177	15	15	64
918	1	1	13
9180	1	1	4
9184	1	1	0
9188	7	7	67
9189	1	1	4
919	1	1	5
9190	2	2	3
9191	4	4	26
9196	3	3	52
9202	3	3	75
9204	1	1	0
9208	11	11	109
9217	1	1	24
9218	2	2	3
9224	4	4	27
9225	1	1	9
9226	4	4	22
9229	1	1	96
923	3	3	50
9231	8	8	80
9232	2	2	30
9237	4	4	60
924	1	1	5
9240	1	1	4
9243	1	1	20
9246	1	1	0
9247	2	2	0
9248	2	2	21
925	9	9	73
9254	3	3	18
926	2	2	6
9260	1	1	7
9264	1	1	0
9268	1	1	6
927	2	2	16
9270	3	3	24
9272	1	1	12
9274	47	47	388
9275	2	2	33
9277	2	2	25
9279	1	1	8
928	2	2	0
9281	1	1	8
9285	1	1	4
9286	1	1	3
9287	1	1	16
9289	1	1	7
929	6	6	33
9291	4	4	68
9292	16	16	171
9294	1	1	0
9295	1	1	4
9296	19	19	266
9297	4	4	45
93	1	1	8
9300	2	2	52
9301	2	2	22
9303	5	5	12
9305	1	1	25
9308	1	1	15
9309	4	4	62
931	1	1	15
9310	9	9	25
9313	102	102	535
9315	2	2	15
9316	6	6	70
9317	2	2	8
9318	1	1	19
9321	10	10	150
9326	1	1	14
9329	1	1	9
933	51	51	269
9330	2	2	13
9331	1	1	14
9336	4	4	27
9339	1	1	18
934	3	3	8
9340	1	1	2
9344	4	4	58
9345	5	5	44
9347	2	2	8
935	52	52	419
9350	3	3	16
9352	4	4	69
9353	2	2	7
9354	1	1	7
9356	2	2	6
9357	1	1	13
9359	1	1	4
936	1	1	0
9360	5	5	31
9362	71	71	365
9364	1	1	3
9365	1	1	27
9367	1	1	9
9369	3	3	14
9373	2	2	15
9379	2	2	10
938	2	2	24
9380	1	1	3
9383	1	1	17
9384	2	2	20
9388	1	1	9
9389	1	1	2
939	3	3	39
9390	5	5	47
9391	7	7	103
9392	1	1	0
9394	2	2	9
9399	2	2	41
94	17	17	139
9405	4	4	16
9407	12	12	55
9408	1	1	6
9409	1	1	0
9410	3	3	57
9411	1	1	4
9414	1	1	1
9416	2	2	5
9418	1	1	0
9419	3	3	20
942	1	1	7
9421	2	2	56
9425	1	1	21
9428	1	1	5
9429	2	2	12
943	1	1	6
9432	3	3	32
9434	1	1	8
9435	2	2	3
9437	5	5	12
9439	10	10	168
944	2	2	16
9441	3	3	19
9442	18	18	80
9443	1	1	8
9446	8	8	30
9449	1	1	11
9451	4	4	20
9452	2	2	5
9454	1	1	13
9457	1	1	4
9461	7	7	72
9464	26	26	116
9466	1	1	2
9467	1	1	3
9468	1	1	4
9469	8	8	46
947	5	5	20
9472	10	10	163
9473	1	1	13
9476	24	24	255
948	1	1	4
9480	13	13	41
9481	106	106	1286
9482	1	1	15
9487	4	4	46
949	1	1	8
9490	1	1	7
9492	1	1	16
9493	7	7	2
9494	6	6	43
9495	12	12	188
9500	1	1	3
9501	18	18	72
9502	1	1	7
9504	1	1	2
9505	4	4	16
9507	8	8	14
9508	2	2	9
9509	1	1	23
951	3	3	9
9513	8	8	19
9514	1	1	0
9515	1	1	21
9519	1	1	0
952	5	5	40
9521	5	5	75
9522	1	1	38
9525	1	1	7
9526	2	2	0
9527	2	2	0
953	1	1	3
9531	5	5	21
9533	1	1	15
9537	1	1	10
9540	4	4	39
9542	3	3	8
9545	15	15	99
9547	1	1	5
9553	39	39	428
9554	1	1	4
9558	2	2	12
9560	4	4	48
9561	14	14	99
9563	2	2	9
9566	2	2	15
9567	1	1	0
9568	2	2	27
957	2	2	59
9570	1	1	13
9571	1	1	30
9572	2	2	12
9575	1	1	0
9576	1	1	7
9577	1	1	0
958	1	1	13
9580	1	1	12
9581	12	12	51
9582	1	1	7
9585	9	9	71
9586	7	7	67
9588	1	1	7
9589	42	42	192
959	1	1	0
9590	2	2	26
9592	2	2	43
9595	1	1	8
9597	1	1	19
9599	1	1	6
96	2	2	22
9600	12	12	69
9601	14	14	185
9602	1	1	16
9603	2	2	45
9604	11	11	34
9609	3	3	0
9614	48	48	355
9616	1	1	0
9618	1	1	12
9621	2	2	12
9623	3	3	7
9624	1	1	3
9629	1	1	4
9636	1	1	9
9642	1	1	12
9645	9	9	37
9647	3	3	7
9650	1	1	27
9653	3	3	20
9654	1	1	7
9662	2	2	0
9664	2	2	12
9665	4	4	2
9668	2	2	6
9669	1	1	3
9670	10	10	46
9671	2	2	12
9677	1	1	3
968	9	9	133
9680	2	2	5
9683	3	3	15
9684	2	2	15
9685	26	26	168
969	1	1	10
9691	2	2	3
9695	2	2	43
970	3	3	15
9701	2	2	13
9702	1	1	1
9704	3	3	27
9708	1	1	0
971	1	1	3
9715	1	1	8
9716	2	2	0
9719	4	4	23
9725	2	2	26
9732	3	3	11
9735	3	3	59
9736	3	3	23
9737	2	2	44
9739	1	1	17
9744	1	1	4
9745	1	1	29
9746	1	1	29
9749	1	1	16
9751	1	1	11
9753	7	7	0
9755	4	4	40
9757	35	35	494
9759	9	9	58
976	1	1	0
9762	1	1	9
9764	6	6	24
9766	1	1	6
9770	15	15	93
9774	5	5	33
9776	535	535	6579
9779	1	1	2
978	4	4	24
9780	1	1	2
9781	2	2	37
9785	1	1	1
9786	1	1	0
9787	32	32	131
98	6	6	30
980	1	1	1
9801	1	1	26
9805	3	3	8
9807	6	6	46
981	1	1	17
9815	1	1	6
9817	1	1	10
9821	2	2	18
9822	2	2	7
9823	6	6	43
9825	2	2	10
9827	1	1	12
9830	3	3	36
9831	4	4	56
9835	16	16	54
9839	3	3	36
984	1	1	0
9840	1	1	1
9841	1	1	9
9847	8	8	82
9850	1	1	0
9852	1	1	27
9853	2	2	18
9854	1	1	7
9856	2	2	0
9858	1	1	2
9860	73	73	403
9863	10	10	107
9866	3	3	2
9867	1	1	18
9869	3	3	64
987	1	1	1
9871	205	205	1946
9872	1	1	21
9874	13	13	122
9875	3	3	16
9876	1	1	6
9879	1	1	22
9881	1	1	2
9882	2	2	4
9883	1	1	2
9884	2	2	5
9885	2	2	19
9889	1	1	10
989	1	1	4
9890	1	1	0
9892	1	1	0
9899	1	1	8
990	1	1	27
9900	3	3	28
9901	1	1	17
9903	3	3	36
9904	2	2	17
991	10	10	29
9910	7	7	21
9911	2	2	12
9912	3	3	2
9918	1	1	10
9919	1	1	0
992	2	2	12
9922	6	6	56
9923	1	1	6
9926	2	2	7
9930	2	2	31
9931	1	1	1
9932	7	7	65
9938	2	2	0
9940	1	1	14
9941	2	2	6
9944	2	2	4
9947	15	15	4
9953	1	1	21
9955	22	22	78
9956	4	4	12
9957	4	4	17
9958	1	1	0
9962	1	1	7
9964	1	1	10
9968	2	2	9
9971	5	5	27
9972	8	8	45
9973	2	2	0
9975	2	2	21
9976	1	1	0
9981	2	2	17
9986	2	2	27
9987	6	6	21
9988	3	3	68
999	2	2	10
9993	1	1	12
9996	9	9	93
9997	1	1	8
